,title,day,date,place_cd,place,race_no,race_type,distance,deadline,toban_1,toban_2,toban_3,toban_4,toban_5,toban_6,name_1,name_2,name_3,name_4,name_5,name_6,area_1,area_2,area_3,area_4,area_5,area_6,class_1,class_2,class_3,class_4,class_5,class_6,age_1,age_2,age_3,age_4,age_5,age_6,weight_1,weight_2,weight_3,weight_4,weight_5,weight_6,glob_win_1,glob_win_2,glob_win_3,glob_win_4,glob_win_5,glob_win_6,glob_in2_1,glob_in2_2,glob_in2_3,glob_in2_4,glob_in2_5,glob_in2_6,loc_win_1,loc_win_2,loc_win_3,loc_win_4,loc_win_5,loc_win_6,loc_in2_1,loc_in2_2,loc_in2_3,loc_in2_4,loc_in2_5,loc_in2_6,moter_no_1,moter_no_2,moter_no_3,moter_no_4,moter_no_5,moter_no_6,moter_in2_1,moter_in2_2,moter_in2_3,moter_in2_4,moter_in2_5,moter_in2_6,boat_no_1,boat_no_2,boat_no_3,boat_no_4,boat_no_5,boat_no_6,boat_in2_1,boat_in2_2,boat_in2_3,boat_in2_4,boat_in2_5,boat_in2_6
0,日本財団会長杯争奪戦,1,2021-05-04,21,芦屋,2,予選,1800,09:16,3616,3722,4720,3573,4374,5031,中村真,西村秀樹,西澤日花,前本泰和,永田義紘,渡辺空依,福岡,福岡,長崎,広島,広島,福岡,A2,B1,B1,A1,B1,B1,48,50,26,49,37,23,54,52,45,51,50,53,5.08,4.25,4.90,8.49,5.04,2.93,30.89,16.92,33.33,71.00,28.57,8.99,6.09,3.83,4.45,7.68,4.41,1.88,45.71,11.11,15.00,58.00,23.53,0.00,65,51,15,50,4,5,37.44,36.53,27.91,32.39,34.56,37.68,56,11,14,27,52,41,54.55,22.22,62.50,22.22,37.50,33.33
1,日本財団会長杯争奪戦,1,2021-05-04,21,芦屋,4,予選,1800,10:15,4468,3558,3501,4173,4841,5073,大池佑来,山本浩次,川上昇平,岡谷健吾,高橋悠花,上原健次,東京,岡山,長崎,広島,岡山,福岡,A1,A2,B1,A2,B1,B1,34,48,51,38,29,25,52,52,55,57,46,53,6.75,5.29,4.77,5.68,4.38,3.09,46.30,30.23,25.32,39.17,17.50,7.29,0.00,4.83,5.18,6.52,2.17,2.27,0.00,16.67,32.00,45.45,0.00,0.00,30,10,56,63,7,13,29.10,34.31,36.15,33.02,27.62,46.26,44,39,17,12,68,47,22.22,11.11,11.11,44.44,11.11,44.44
2,日本財団会長杯争奪戦,1,2021-05-04,21,芦屋,5,予選,1800,10:45,4292,4535,3430,5022,3054,5148,麻生慎介,北山康介,角浜修,伊藤尚汰,北川幸典,松本怜,広島,東京,広島,福岡,広島,福岡,A2,A1,B1,B1,A2,B2,36,31,53,26,58,27,51,55,54,49,57,47,6.57,6.59,4.97,4.14,5.56,1.06,47.27,51.06,30.77,27.12,39.00,0.00,6.07,0.00,5.23,2.17,4.25,0.00,38.60,0.00,25.64,5.56,25.00,0.00,17,24,29,38,12,62,38.86,31.22,33.81,42.27,35.24,35.59,37,16,38,74,34,15,88.89,40.00,22.22,22.22,27.78,44.44
3,日本財団会長杯争奪戦,1,2021-05-04,21,芦屋,6,予選,1800,11:16,3680,4051,3883,3357,4171,4111,森林太,清水敦揮,山根大樹,福島陽子,榎幸司,奥田誠,長崎,岡山,広島,岡山,長崎,広島,B1,A2,B1,B1,A1,B1,48,40,47,52,38,40,53,55,56,47,51,53,4.67,6.54,4.39,3.83,6.43,5.60,27.00,48.75,25.53,15.91,42.42,37.72,5.48,6.61,0.00,3.58,8.18,6.17,33.33,46.34,0.00,15.79,81.82,44.44,52,27,57,43,64,58,27.66,38.10,32.09,38.79,34.10,39.62,19,67,32,35,54,66,17.65,10.00,22.22,33.33,33.33,36.36
4,日本財団会長杯争奪戦,1,2021-05-04,21,芦屋,9,予選特賞,1800,12:51,2958,3158,4841,3616,3430,4886,井川正人,島川光男,高橋悠花,中村真,角浜修,入海馨,長崎,広島,岡山,福岡,広島,岡山,B1,A1,B1,A2,B1,A2,63,56,29,48,53,25,52,54,46,54,54,54,2.71,5.59,4.38,5.08,4.97,7.38,2.86,38.58,17.50,30.89,30.77,60.63,3.45,6.70,2.17,6.09,5.23,7.35,7.89,45.28,0.00,45.71,25.64,69.23,23,59,7,65,29,45,33.82,34.13,27.62,37.44,33.81,33.81,46,13,68,56,38,75,33.33,50.00,11.11,54.55,22.22,33.33
5,日本財団会長杯争奪戦,1,2021-05-04,21,芦屋,10,予選特賞,1800,13:26,3663,4088,3558,4374,4051,5008,木山和幸,野田祥子,山本浩次,永田義紘,清水敦揮,羽野諒,広島,長崎,岡山,広島,岡山,福岡,A2,B1,A2,B1,A2,B1,51,40,48,37,40,24,50,47,52,50,55,52,4.98,3.72,5.29,5.04,6.54,4.08,28.91,17.65,30.23,28.57,48.75,12.99,5.31,3.16,4.83,4.41,6.61,3.09,32.31,9.68,16.67,23.53,46.34,8.28,2,49,10,4,27,53,36.67,35.29,34.31,34.56,38.10,37.16,72,65,39,52,67,18,11.11,11.11,11.11,37.50,10.00,55.56
6,日本財団会長杯争奪戦,1,2021-05-04,21,芦屋,11,予選特選,1800,14:03,3054,4619,4372,4640,3680,4173,北川幸典,伏田裕隆,原田佑実,山ノ内雅,森林太,岡谷健吾,広島,東京,大阪,福岡,長崎,広島,A2,B1,A2,A2,B1,A2,58,38,33,30,48,38,57,53,46,55,53,57,5.56,4.89,5.55,6.39,4.67,5.68,39.00,29.29,37.93,52.10,27.00,39.17,4.25,6.40,0.00,5.13,5.48,6.52,25.00,40.00,0.00,34.78,33.33,45.45,12,41,37,31,52,63,35.24,35.32,33.50,32.29,27.66,33.02,34,25,49,28,19,12,27.78,75.00,30.77,50.00,17.65,44.44
7,スポーツニッポン杯GW特選競走,6,2021-05-04,20,若松,1,一般戦,1800,15:15,4764,4272,5104,3537,3188,4234,小池礼乃,大場広孝,山田丈,田山和広,日高逸子,野相弘司,福岡,福岡,福岡,福岡,福岡,福岡,B2,B1,B1,B1,B2,B1,30,39,22,53,59,37,46,58,52,57,46,58,4.54,4.94,2.51,4.05,5.74,4.45,26.67,28.35,5.41,17.50,40.48,25.96,4.50,5.58,2.24,4.01,6.80,4.58,23.33,30.00,5.88,21.74,48.98,27.27,35,22,39,11,40,60,41.96,36.73,29.66,40.95,31.78,23.53,14,27,46,38,31,28,31.55,37.91,38.22,30.51,32.53,36.20
8,スポーツニッポン杯GW特選競走,6,2021-05-04,20,若松,2,一般戦,1800,15:37,4765,4204,3702,4314,4403,3561,野田部宏,柴田大輔,貞兼淳二,青木幸太,木下大將,池田真治,福岡,福岡,福岡,福岡,福岡,岡山,B2,B1,B1,B1,B1,B1,30,38,48,36,36,53,53,52,56,50,53,53,3.86,4.28,5.60,5.39,5.61,3.63,22.62,22.22,37.93,42.59,35.63,17.05,4.48,4.57,5.42,5.55,5.66,3.52,20.00,28.95,35.59,37.10,36.61,18.52,37,42,25,36,16,59,28.57,17.80,37.50,34.86,40.78,44.55,20,47,68,21,69,54,33.33,31.72,31.87,34.92,37.21,32.61
9,スポーツニッポン杯GW特選競走,6,2021-05-04,20,若松,3,一般戦,1800,16:00,4638,3787,4250,4958,3670,4866,小林遼太,天野誠,藤川利文,溝口海義,古澤信二,橋本英一,福岡,岡山,福岡,福岡,福岡,福岡,B1,B1,B1,B1,B1,B1,30,49,38,25,49,31,53,54,55,54,57,55,4.79,4.39,3.96,5.43,4.96,4.20,30.77,22.64,17.28,27.61,27.68,17.39,4.71,5.27,3.63,4.54,5.28,3.84,34.21,40.00,15.79,21.15,30.56,19.35,45,54,26,30,18,1,36.51,28.57,44.04,37.14,29.36,43.56,22,39,60,67,29,57,42.70,35.54,40.11,34.66,33.33,45.21
10,スポーツニッポン杯GW特選競走,6,2021-05-04,20,若松,4,一般戦,1800,16:38,4487,3506,4652,3458,3576,4236,三原司,宮西真昭,酒見峻介,東健介,白水勝也,松村敏,福岡,佐賀,佐賀,岡山,福岡,福岡,B1,B1,B1,B1,A1,B1,34,49,35,54,48,37,51,52,52,54,51,54,4.07,4.05,4.78,5.24,6.30,6.80,18.09,12.35,24.21,32.82,44.88,52.70,4.16,2.88,3.81,5.00,7.01,7.50,19.30,7.69,9.52,26.47,58.02,62.96,5,3,9,41,38,21,32.29,34.26,33.91,33.64,44.33,43.16,24,70,35,36,65,43,32.94,34.68,39.74,40.25,34.88,32.31
11,スポーツニッポン杯GW特選競走,6,2021-05-04,20,若松,5,進入固定戦隊,1800,17:03,4802,4433,4234,4151,5028,4724,中田達也,川野芽唯,野相弘司,下河誉史,原田才一,吉田祐貴,福岡,福岡,福岡,福岡,福岡,佐賀,A1,A1,B1,A2,B1,B1,27,35,37,38,24,35,52,47,58,56,53,52,6.47,5.92,4.45,6.07,5.33,4.06,48.37,40.58,25.96,39.73,33.86,17.53,6.37,6.04,4.58,5.80,4.65,4.58,47.57,45.10,27.27,35.71,27.67,22.22,44,55,60,49,10,13,42.15,27.68,23.53,34.55,30.43,44.44,42,53,28,64,45,66,38.96,37.57,36.20,40.56,33.33,34.12
12,スポーツニッポン杯GW特選競走,6,2021-05-04,20,若松,6,一般戦,1800,17:32,4773,3188,4349,4765,4764,4530,中川りな,日高逸子,犬童千秋,野田部宏,小池礼乃,小野生奈,福岡,福岡,福岡,福岡,福岡,福岡,A2,B2,A2,B2,B2,A1,27,59,35,30,30,32,49,46,49,53,46,46,5.72,5.74,4.63,3.86,4.54,7.22,33.10,40.48,29.91,22.62,26.67,60.34,5.74,6.80,5.32,4.48,4.50,6.81,38.46,48.98,28.79,20.00,23.33,48.53,20,40,50,37,35,32,33.64,31.78,28.21,28.57,41.96,35.92,26,31,16,20,14,30,39.23,32.53,38.67,33.33,31.55,30.29
13,スポーツニッポン杯GW特選競走,6,2021-05-04,20,若松,7,一般戦,1800,18:05,4287,4831,4121,4250,4204,3876,今井貴士,羽野直也,富永修一,藤川利文,柴田大輔,中辻崇人,福岡,福岡,福岡,福岡,福岡,福岡,A1,A1,B1,B1,B1,A1,36,26,39,38,38,44,55,54,52,55,52,52,6.28,7.07,4.77,3.96,4.28,6.81,45.14,48.91,26.85,17.28,22.22,56.19,6.51,7.30,5.67,3.63,4.57,6.76,46.24,54.44,39.36,15.79,28.95,55.41,33,23,2,26,42,57,48.54,36.89,34.29,44.04,17.80,43.40,25,44,48,60,47,40,34.97,32.62,35.33,40.11,31.72,31.79
14,スポーツニッポン杯GW特選競走,6,2021-05-04,20,若松,8,エイトビート,1800,18:35,3662,3670,3458,4272,3702,3787,大庭元明,古澤信二,東健介,大場広孝,貞兼淳二,天野誠,福岡,福岡,岡山,福岡,福岡,岡山,A2,B1,B1,B1,B1,B1,51,49,54,39,48,49,56,57,54,58,56,54,6.45,4.96,5.24,4.94,5.60,4.39,49.07,27.68,32.82,28.35,37.93,22.64,5.84,5.28,5.00,5.58,5.42,5.27,43.21,30.56,26.47,30.00,35.59,40.00,52,18,41,22,25,54,29.20,29.36,33.64,36.73,37.50,28.57,23,29,36,27,68,39,36.61,33.33,40.25,37.91,31.87,35.54
15,スポーツニッポン杯GW特選競走,6,2021-05-04,20,若松,9,一般戦,1800,19:06,3853,4866,5028,3998,4487,3506,岩崎正哉,橋本英一,原田才一,冨成謙児,三原司,宮西真昭,福岡,福岡,福岡,佐賀,福岡,佐賀,A2,B1,B1,B1,B1,B1,48,31,24,41,34,49,57,55,53,52,51,52,6.39,4.20,5.33,4.98,4.07,4.05,43.26,17.39,33.86,26.36,18.09,12.35,5.94,3.84,4.65,5.29,4.16,2.88,35.37,19.35,27.67,28.57,19.30,7.69,53,1,10,56,5,3,37.14,43.56,30.43,33.33,32.29,34.26,52,57,45,72,24,70,33.13,45.21,33.33,34.97,32.94,34.68
16,スポーツニッポン杯GW特選競走,6,2021-05-04,20,若松,10,特別選抜B戦,1800,19:38,4236,4287,4773,4802,4433,4349,松村敏,今井貴士,中川りな,中田達也,川野芽唯,犬童千秋,福岡,福岡,福岡,福岡,福岡,福岡,B1,A1,A2,A1,A1,A2,37,36,27,27,35,35,54,55,49,52,47,49,6.80,6.28,5.72,6.47,5.92,4.63,52.70,45.14,33.10,48.37,40.58,29.91,7.50,6.51,5.74,6.37,6.04,5.32,62.96,46.24,38.46,47.57,45.10,28.79,21,33,20,44,55,50,43.16,48.54,33.64,42.15,27.68,28.21,43,25,26,42,53,16,32.31,34.97,39.23,38.96,37.57,38.67
17,スポーツニッポン杯GW特選競走,6,2021-05-04,20,若松,11,特別選抜A戦,1800,20:06,4151,3576,4530,4831,4121,3662,下河誉史,白水勝也,小野生奈,羽野直也,富永修一,大庭元明,福岡,福岡,福岡,福岡,福岡,福岡,A2,A1,A1,A1,B1,A2,38,48,32,26,39,51,56,51,46,54,52,56,6.07,6.30,7.22,7.07,4.77,6.45,39.73,44.88,60.34,48.91,26.85,49.07,5.80,7.01,6.81,7.30,5.67,5.84,35.71,58.02,48.53,54.44,39.36,43.21,49,38,32,23,2,52,34.55,44.33,35.92,36.89,34.29,29.20,64,65,30,44,48,23,40.56,34.88,30.29,32.62,35.33,36.61
18,スポーツニッポン杯GW特選競走,6,2021-05-04,20,若松,12,優勝戦,1800,20:45,4350,3514,4736,4566,4371,4590,篠崎元志,山一鉄也,高倉和士,塩田北斗,西山貴浩,渡邉優美,福岡,福岡,福岡,福岡,福岡,福岡,A1,A1,A1,A1,A1,A2,35,54,29,33,33,28,52,51,53,54,52,50,6.73,5.96,7.26,6.95,7.25,6.52,45.16,42.18,59.03,55.03,44.53,45.19,7.61,6.82,6.71,6.86,7.18,5.43,59.65,57.14,47.19,55.00,50.71,40.54,61,14,29,31,51,15,29.46,40.00,33.94,28.43,30.36,34.78,33,50,19,17,59,73,34.29,34.05,38.18,44.25,30.17,32.31
19,日本モーターボート選手会会長杯GW特選,4,2021-05-04,19,下関,1,シーモ戦,1800,15:15,3684,4871,3539,5027,5145,3819,清水攻二,菊池宏志,金子順一,重冨勇哉,島川海輝,大内裕樹,山口,山口,山口,山口,山口,滋賀,A2,B1,B1,B1,B2,B1,47,28,53,24,18,49,53,54,53,56,52,55,5.62,3.88,4.41,4.26,1.48,4.07,33.64,10.59,23.93,21.21,3.17,19.23,6.02,3.73,4.36,2.69,1.63,4.31,41.57,13.95,22.37,13.33,4.17,38.46,15,25,43,53,30,73,30.77,23.53,15.79,25.00,19.23,42.31,17,13,70,16,41,62,46.15,11.11,22.73,38.46,33.33,26.09
20,日本モーターボート選手会会長杯GW特選,4,2021-05-04,19,下関,2,一般,1800,15:43,3925,4846,4041,5067,3989,4226,大田誠,佐藤駿介,小林基樹,山田真聖,熊本英一,村田浩司,山口,山口,山口,山口,佐賀,山口,B1,B1,B1,B1,B1,B1,45,27,41,22,42,38,51,51,54,55,59,53,3.84,4.31,4.46,3.25,4.44,4.35,17.20,23.53,24.11,14.29,23.60,22.30,4.41,4.55,4.77,2.65,3.22,5.33,26.53,27.06,32.88,7.84,11.11,36.73,47,40,31,68,70,63,16.67,37.50,50.00,38.10,25.00,38.46,19,66,24,64,48,43,34.78,42.31,23.08,40.00,50.00,25.93
21,日本モーターボート選手会会長杯GW特選,4,2021-05-04,19,下関,3,一般,1800,16:08,3036,4009,3427,3708,3567,5106,吉本正昭,小林一樹,大賀広幸,岡部貴司,吉岡誠,山崎祥,山口,山口,山口,岡山,山口,山口,B1,B1,A2,B1,B1,B2,63,42,54,46,50,22,55,57,51,54,58,52,3.62,4.90,5.80,5.32,3.74,2.12,15.87,24.73,38.74,36.73,14.29,2.60,4.41,5.65,5.92,6.24,3.73,2.38,26.14,38.10,42.86,44.12,17.07,5.88,23,24,57,46,66,62,26.92,56.25,22.73,25.00,45.00,20.00,68,11,71,31,15,61,12.50,27.27,27.27,16.67,22.22,52.00
22,日本モーターボート選手会会長杯GW特選,4,2021-05-04,19,下関,4,一般,1800,16:33,4567,3961,3643,4970,4842,4594,上村慎太,谷村一哉,米田隆弘,井町泰,山下昂大,谷川祐一,山口,山口,岡山,山口,岡山,滋賀,B1,A1,A2,B2,B1,A1,33,42,48,29,29,39,52,54,53,50,54,53,4.48,6.70,5.93,2.96,5.62,6.34,15.15,54.05,38.71,15.22,34.78,49.57,4.35,6.95,6.67,2.53,5.35,6.68,17.36,52.75,33.33,9.33,29.41,58.93,29,65,51,27,16,20,30.43,35.71,28.57,0.00,40.74,37.04,46,30,34,49,56,54,29.63,41.67,36.00,33.33,28.00,29.63
23,日本モーターボート選手会会長杯GW特選,4,2021-05-04,19,下関,5,一般,1800,16:58,4475,4718,3581,4179,4871,5145,末永祐輝,北川太一,加木郁,広次修,菊池宏志,島川海輝,山口,佐賀,山口,山口,山口,山口,A2,B1,B1,A2,B1,B2,33,28,48,38,28,18,53,52,53,52,54,52,6.33,5.80,4.59,5.69,3.88,1.48,44.19,37.39,21.95,38.93,10.59,3.17,5.73,5.74,4.85,5.96,3.73,1.63,33.82,34.78,25.81,43.23,13.95,4.17,21,64,41,54,25,30,22.73,26.09,33.33,44.00,23.53,19.23,12,33,72,51,13,41,44.44,37.50,25.00,30.77,11.11,33.33
24,日本モーターボート選手会会長杯GW特選,4,2021-05-04,19,下関,7,ふく〜る戦,1800,17:56,3903,3989,4817,4009,4295,4041,白石健,熊本英一,渡邉翼,小林一樹,小坂尚哉,小林基樹,兵庫,佐賀,山口,山口,兵庫,山口,A1,B1,A2,B1,A1,B1,43,42,30,42,34,41,53,59,50,57,53,54,6.95,4.44,5.31,4.90,6.66,4.46,51.88,23.60,33.11,24.73,52.86,24.11,6.85,3.22,5.92,5.65,6.03,4.77,55.56,11.11,36.69,38.10,36.84,32.88,13,70,42,24,49,31,29.63,25.00,27.27,56.25,26.67,50.00,65,48,37,11,60,42,19.35,50.00,36.84,27.27,12.50,20.69
25,日本モーターボート選手会会長杯GW特選,4,2021-05-04,19,下関,8,一般,1800,18:26,4703,3036,4567,5106,5067,3858,森永隆,吉本正昭,上村慎太,山崎祥,山田真聖,織田猛,山口,山口,山口,山口,山口,佐賀,A1,B1,B1,B2,B1,B1,33,63,33,22,22,47,51,55,52,52,55,52,5.89,3.62,4.48,2.12,3.25,3.77,38.35,15.87,15.15,2.60,14.29,18.52,5.76,4.41,4.35,2.38,2.65,4.63,35.96,26.14,17.36,5.88,7.84,28.57,39,23,29,62,68,52,50.00,26.92,30.43,20.00,38.10,33.33,29,68,46,61,64,45,22.22,12.50,29.63,52.00,40.00,33.33
26,日本モーターボート選手会会長杯GW特選,4,2021-05-04,19,下関,9,シーモ特選,1800,18:57,3427,4226,4594,4475,5027,4179,大賀広幸,村田浩司,谷川祐一,末永祐輝,重冨勇哉,広次修,山口,山口,滋賀,山口,山口,山口,A2,B1,A1,A2,B1,A2,54,38,39,33,24,38,51,53,53,53,56,52,5.80,4.35,6.34,6.33,4.26,5.69,38.74,22.30,49.57,44.19,21.21,38.93,5.92,5.33,6.68,5.73,2.69,5.96,42.86,36.73,58.93,33.82,13.33,43.23,57,63,20,21,53,54,22.73,38.46,37.04,22.73,25.00,44.00,71,43,54,12,16,51,27.27,25.93,29.63,44.44,38.46,30.77
27,日本モーターボート選手会会長杯GW特選,4,2021-05-04,19,下関,10,特別選抜B戦,1800,19:28,3708,3581,4718,4842,3643,3684,岡部貴司,加木郁,北川太一,山下昂大,米田隆弘,清水攻二,岡山,山口,佐賀,岡山,岡山,山口,B1,B1,B1,B1,A2,A2,46,48,28,29,48,47,54,53,52,54,53,53,5.32,4.59,5.80,5.62,5.93,5.62,36.73,21.95,37.39,34.78,38.71,33.64,6.24,4.85,5.74,5.35,6.67,6.02,44.12,25.81,34.78,29.41,33.33,41.57,46,41,64,16,51,15,25.00,33.33,26.09,40.74,28.57,30.77,31,72,33,56,34,17,16.67,25.00,37.50,28.00,36.00,46.15
28,日本モーターボート選手会会長杯GW特選,4,2021-05-04,19,下関,11,特別選抜A戦,1800,19:59,4295,4237,3961,4106,4703,3903,小坂尚哉,大峯豊,谷村一哉,坂井康嗣,森永隆,白石健,兵庫,山口,山口,佐賀,山口,兵庫,A1,A1,A1,A2,A1,A1,34,37,42,41,33,43,53,54,54,53,51,53,6.66,7.28,6.70,4.60,5.89,6.95,52.86,60.28,54.05,20.34,38.35,51.88,6.03,6.57,6.95,5.71,5.76,6.85,36.84,45.19,52.75,34.69,35.96,55.56,49,59,65,33,39,13,26.67,42.86,35.71,36.00,50.00,29.63,60,39,30,18,29,65,12.50,23.08,41.67,53.85,22.22,19.35
29,日本モーターボート選手会会長杯GW特選,4,2021-05-04,19,下関,12,優勝戦,1800,20:35,3942,4262,4239,4324,4985,2930,寺田祥,馬場貴也,竹田辰也,海野康志,井本昌也,新良一規,山口,滋賀,山口,山口,山口,山口,A1,A1,A1,A1,B1,B1,42,37,37,33,24,64,53,54,54,58,49,52,7.78,7.79,6.94,7.08,5.03,5.64,47.86,58.22,56.69,57.34,30.17,37.50,7.80,7.91,7.13,6.90,4.27,5.90,63.49,63.64,52.17,53.59,21.36,43.33,72,55,37,34,58,48,22.22,37.04,35.71,32.00,5.88,24.00,25,40,58,14,59,38,40.00,10.00,14.29,13.33,44.00,31.82
30,日本モーターボート選手会会長賞,4,2021-05-04,18,徳山,1,モーニング予,1800,08:53,3024,3478,4264,4158,5143,4007,西島義則,嶋田貴支,長尾章平,木場雄二,常盤海心,榮田将彦,広島,香川,山口,山口,徳島,山口,A1,B1,B1,B1,B2,B1,59,50,36,39,20,42,55,52,54,57,54,48,6.74,4.60,5.91,4.46,1.61,2.92,46.62,25.00,40.00,28.13,3.03,11.11,7.10,5.50,6.01,5.91,1.13,4.36,47.92,32.50,42.00,42.45,0.00,27.66,59,53,26,11,45,51,53.85,44.44,12.50,55.56,26.32,61.11,74,62,73,49,33,58,36.36,31.11,19.05,37.27,43.75,35.09
31,日本モーターボート選手会会長賞,4,2021-05-04,18,徳山,2,モーニング予,1800,09:22,3350,5083,4361,4390,3711,3815,藤本佳史,柳瀬幹太,柳生泰二,松本弓雄,江本真治,森岡満郎,山口,山口,山口,徳島,山口,岡山,A2,B1,A1,B1,A2,B1,53,22,36,35,46,45,54,54,54,51,53,54,6.27,2.38,6.59,4.86,5.86,4.81,46.23,1.32,49.15,33.65,39.83,22.94,5.51,1.70,6.80,5.29,6.05,5.04,35.96,2.00,54.14,35.71,43.55,30.36,65,72,66,13,61,15,30.77,25.00,16.67,33.33,10.00,12.50,75,14,23,32,42,64,28.57,31.19,34.23,33.64,36.13,36.75
32,日本モーターボート選手会会長賞,4,2021-05-04,18,徳山,3,モーニング予,1800,09:51,4596,4396,3846,4108,3878,4263,葛原大陽,大田直弥,藤井理,吉村正明,胡本悟志,武重雄介,徳島,山口,山口,山口,山口,山口,A2,B1,B1,A1,B1,B1,37,34,44,41,43,36,48,52,61,51,52,55,5.70,5.08,3.92,7.09,4.47,5.29,34.48,30.14,15.58,62.04,23.60,34.82,5.77,5.34,3.74,7.24,4.93,5.77,38.46,29.85,18.32,59.26,30.61,43.75,18,56,68,71,16,63,0.00,23.08,25.00,28.57,25.00,28.57,51,27,44,54,31,48,33.05,41.75,30.00,41.18,36.79,25.69
33,日本モーターボート選手会会長賞,4,2021-05-04,18,徳山,4,モーニング予,1800,10:21,4025,3499,4116,3661,4952,4316,山本隆幸,市川哲也,川田正人,柳瀬興志,吉武真也,山口裕太,兵庫,広島,徳島,山口,福岡,広島,A1,A1,B1,B1,B1,B1,43,52,40,51,27,36,52,51,51,58,52,53,6.66,6.23,5.10,5.47,2.64,4.81,51.82,42.86,25.77,35.35,8.33,30.56,6.46,7.23,5.51,5.42,2.75,4.63,53.85,53.33,40.54,34.25,6.25,33.33,48,12,19,22,50,52,15.79,14.29,44.44,25.00,63.64,23.81,40,72,68,57,19,38,39.05,34.86,31.78,35.85,36.96,34.91
34,日本モーターボート選手会会長賞,4,2021-05-04,18,徳山,5,皐月選抜,1800,10:51,4064,4980,4601,4950,3572,4158,原田篤志,佐々木完,森野正弘,高岡竜也,安田政彦,木場雄二,山口,山口,山口,山口,兵庫,山口,A1,A2,A1,B1,A1,B1,41,24,36,27,49,39,52,51,52,52,53,57,6.20,6.34,6.56,4.71,5.69,4.46,39.71,44.64,44.54,26.72,33.33,28.13,7.11,5.30,6.74,4.42,6.35,5.91,53.90,28.71,49.28,24.56,44.12,42.45,49,69,47,24,20,11,45.45,50.00,34.78,12.50,25.00,55.56,50,52,39,18,66,49,38.83,36.36,37.86,36.36,39.00,37.27
35,日本モーターボート選手会会長賞,4,2021-05-04,18,徳山,6,予選,1800,11:21,3553,4015,3282,3295,3897,5143,平池仁志,前野竜一,池本輝明,濱村芳宏,白井英治,常盤海心,香川,山口,広島,徳島,山口,徳島,B1,A2,B1,B1,A1,B2,49,41,54,54,44,20,54,59,51,54,55,54,4.50,5.89,5.66,5.20,7.72,1.61,20.27,38.32,37.38,35.00,57.14,3.03,5.20,6.41,5.49,4.25,8.90,1.13,26.67,44.90,36.73,18.75,76.52,0.00,67,23,25,14,57,45,38.46,50.00,55.56,0.00,25.00,26.32,70,61,43,12,45,33,27.45,35.79,43.36,38.46,35.78,43.75
36,日本モーターボート選手会会長賞,4,2021-05-04,18,徳山,7,予選,1800,11:51,4592,4108,3955,3930,4511,5126,小林孝弘,吉村正明,眞田英二,岸本隆,中岡健人,山下大輝,山口,山口,徳島,岡山,香川,兵庫,B1,A1,A2,A2,B1,B2,40,41,44,45,32,24,52,51,53,58,58,52,4.32,7.09,6.70,5.62,4.97,2.56,21.51,62.04,48.21,38.58,27.63,3.70,4.54,7.24,5.87,5.17,4.24,2.11,20.88,59.26,40.32,29.79,20.69,0.00,64,71,54,17,27,55,38.46,28.57,68.18,44.44,36.84,35.71,29,54,46,21,36,13,39.56,41.18,34.82,36.79,37.61,44.12
37,日本モーターボート選手会会長賞,4,2021-05-04,18,徳山,8,予選,1800,12:25,3846,3484,3350,4264,4980,4952,藤井理,芝田浩治,藤本佳史,長尾章平,佐々木完,吉武真也,山口,兵庫,山口,山口,山口,福岡,B1,A1,A2,B1,A2,B1,44,49,53,36,24,27,61,54,54,54,51,52,3.92,6.06,6.27,5.91,6.34,2.64,15.58,44.25,46.23,40.00,44.64,8.33,3.74,6.91,5.51,6.01,5.30,2.75,18.32,63.64,35.96,42.00,28.71,6.25,68,60,65,26,69,50,25.00,25.00,30.77,12.50,50.00,63.64,44,28,75,73,52,19,30.00,42.72,28.57,19.05,36.36,36.96
38,日本モーターボート選手会会長賞,4,2021-05-04,18,徳山,9,予選,1800,12:57,4390,4007,4023,4116,4155,3572,松本弓雄,榮田将彦,柴田友和,川田正人,長野壮志,安田政彦,徳島,山口,福岡,徳島,福岡,兵庫,B1,B1,B1,B1,A2,A1,35,42,43,40,40,49,51,48,52,51,58,53,4.86,2.92,4.09,5.10,5.54,5.69,33.65,11.11,14.58,25.77,35.20,33.33,5.29,4.36,4.22,5.51,5.92,6.35,35.71,27.66,11.11,40.54,46.15,44.12,13,51,46,19,21,20,33.33,61.11,28.57,44.44,25.00,25.00,32,58,34,68,53,66,33.64,35.09,32.17,31.78,44.25,39.00
39,日本モーターボート選手会会長賞,4,2021-05-04,18,徳山,10,予選,1800,13:32,3878,4601,4025,3282,5083,3478,胡本悟志,森野正弘,山本隆幸,池本輝明,柳瀬幹太,嶋田貴支,山口,山口,兵庫,広島,山口,香川,B1,A1,A1,B1,B1,B1,43,36,43,54,22,50,52,52,52,51,54,52,4.47,6.56,6.66,5.66,2.38,4.60,23.60,44.54,51.82,37.38,1.32,25.00,4.93,6.74,6.46,5.49,1.70,5.50,30.61,49.28,53.85,36.73,2.00,32.50,16,47,48,25,72,53,25.00,34.78,15.79,55.56,25.00,44.44,31,39,40,43,14,62,36.79,37.86,39.05,43.36,31.19,31.11
40,日本モーターボート選手会会長賞,4,2021-05-04,18,徳山,11,予選,1800,14:09,4896,3295,4596,4316,4064,3711,花本剛,濱村芳宏,葛原大陽,山口裕太,原田篤志,江本真治,山口,徳島,徳島,広島,山口,山口,B1,B1,A2,B1,A1,A2,29,54,37,36,41,46,55,54,48,53,52,53,4.84,5.20,5.70,4.81,6.20,5.86,28.24,35.00,34.48,30.56,39.71,39.83,3.82,4.25,5.77,4.63,7.11,6.05,12.00,18.75,38.46,33.33,53.90,43.55,58,14,18,52,49,61,53.33,0.00,0.00,23.81,45.45,10.00,16,12,51,38,50,42,30.91,38.46,33.05,34.91,38.83,36.13
41,日本モーターボート選手会会長賞,4,2021-05-04,18,徳山,12,皐月選抜,1800,14:49,3897,4361,4263,3955,3661,3484,白井英治,柳生泰二,武重雄介,眞田英二,柳瀬興志,芝田浩治,山口,山口,山口,徳島,山口,兵庫,A1,A1,B1,A2,B1,A1,44,36,36,44,51,49,55,54,55,53,58,54,7.72,6.59,5.29,6.70,5.47,6.06,57.14,49.15,34.82,48.21,35.35,44.25,8.90,6.80,5.77,5.87,5.42,6.91,76.52,54.14,43.75,40.32,34.25,63.64,57,66,63,54,22,60,25.00,16.67,28.57,68.18,25.00,25.00,45,23,48,46,57,28,35.78,34.23,25.69,34.82,35.85,42.72
42,第37回鷲羽杯,6,2021-05-04,16,児島,1,朝得ガァ〜コ,1800,10:46,4537,5001,3982,3775,4054,4672,渡邉和将,坂本雅佳,福田理,泉啓文,福嶋智之,守屋大地,岡山,岡山,岡山,岡山,岡山,岡山,A1,B1,B1,B1,B1,B1,31,26,43,46,42,35,52,55,56,58,53,52,6.89,4.24,4.99,4.91,5.01,4.10,50.00,20.72,29.01,30.47,32.56,18.48,6.66,2.87,5.17,4.90,5.07,3.91,50.00,13.00,34.00,29.60,26.23,21.54,14,31,11,46,51,20,28.38,25.68,36.11,30.14,31.51,31.17,60,39,20,18,14,66,29.17,34.00,40.91,52.50,32.50,34.09
43,第37回鷲羽杯,6,2021-05-04,16,児島,2,一般,1800,11:14,3879,4533,3454,3949,3746,5170,中村格,峰重侑治,井川大作,今出晋二,岡瀬正人,佐藤太亮,岡山,岡山,岡山,岡山,岡山,岡山,B1,B1,B1,B1,A2,B2,48,32,50,45,46,20,59,53,61,58,52,52,4.09,4.44,4.61,4.18,6.01,1.26,17.09,22.73,20.72,18.27,39.74,0.00,3.94,5.38,5.47,4.23,6.41,1.22,17.48,34.91,32.91,16.49,43.90,0.00,13,16,18,68,53,19,39.02,32.50,40.24,35.29,40.00,22.54,17,62,25,64,72,55,38.10,29.27,28.57,41.46,65.00,27.66
44,第37回鷲羽杯,6,2021-05-04,16,児島,3,一般,1800,11:44,3462,4323,4563,3436,3443,4584,竹上真司,山田佑樹,齋藤真之,柏野幸二,森秋光,村岡賢人,岡山,岡山,岡山,岡山,岡山,岡山,A2,B1,B1,A1,A2,A1,53,34,33,52,51,31,51,54,53,52,54,54,5.71,5.70,4.69,4.85,5.92,6.00,38.26,36.56,28.74,30.00,37.95,40.77,6.48,5.18,4.36,6.27,5.31,7.00,49.11,33.77,22.02,45.39,33.71,58.76,62,48,15,71,22,28,27.78,35.00,23.94,45.12,37.18,22.37,50,74,23,61,38,21,27.91,23.81,41.46,44.44,42.00,33.33
45,第37回鷲羽杯,6,2021-05-04,16,児島,4,一般,1800,12:15,4580,4202,4423,3874,3233,5109,長谷川雅,浮田圭浩,坂口貴彦,山本寛久,小畑実成,川崎智稔,岡山,岡山,岡山,岡山,岡山,岡山,A1,A2,B1,A1,A2,B2,31,38,32,44,54,21,52,52,55,53,52,50,5.41,5.50,4.98,6.31,5.69,2.43,34.44,31.71,30.33,46.90,37.96,6.49,5.97,6.44,5.22,6.75,6.03,2.09,40.34,44.44,38.38,47.85,44.88,2.13,56,23,32,17,47,45,36.59,27.54,37.35,40.24,47.44,26.47,11,12,33,34,19,70,43.75,34.88,35.71,40.00,36.59,32.65
46,第37回鷲羽杯,6,2021-05-04,16,児島,5,日替艇食戦,1800,12:49,3822,3775,4558,4441,4971,4713,平尾崇典,泉啓文,宮野仁,末永由楽,秦直也,白神優,岡山,岡山,岡山,岡山,岡山,岡山,A1,B1,A2,A2,B2,A1,48,46,31,34,29,30,50,58,55,54,54,53,7.58,4.91,4.40,5.62,3.58,6.16,59.64,30.47,25.90,35.38,19.28,39.66,7.47,4.90,4.76,5.88,2.29,7.08,58.27,29.60,30.77,41.30,6.98,55.88,37,46,49,35,36,54,38.27,30.14,42.53,18.99,39.53,29.49,58,18,16,13,35,43,36.59,52.50,32.61,32.50,24.32,43.90
47,第37回鷲羽杯,6,2021-05-04,16,児島,6,昼得クラリス,1800,13:21,4370,4089,4762,4277,4563,4533,山口達也,妹尾忠幸,藤原啓史,金田大輔,齋藤真之,峰重侑治,岡山,岡山,岡山,岡山,岡山,岡山,A2,A1,A1,B1,B1,B1,34,40,31,37,33,32,55,54,49,52,53,53,6.89,6.02,6.44,5.03,4.69,4.44,59.09,39.75,50.75,32.08,28.74,22.73,7.32,6.11,6.49,5.02,4.36,5.38,62.50,41.57,53.37,32.74,22.02,34.91,41,65,44,50,15,16,42.35,36.05,40.00,24.32,23.94,32.50,71,57,45,28,23,62,35.00,50.00,33.33,42.86,41.46,29.27
48,第37回鷲羽杯,6,2021-05-04,16,児島,7,一般,1800,13:54,4166,3982,3949,4202,3462,5058,吉田拡郎,福田理,今出晋二,浮田圭浩,竹上真司,前原大道,岡山,岡山,岡山,岡山,岡山,岡山,A1,B1,B1,A2,A2,B1,39,43,45,38,53,24,53,56,58,52,51,53,7.23,4.99,4.18,5.50,5.71,4.84,52.00,29.01,18.27,31.71,38.26,25.44,7.26,5.17,4.23,6.44,6.48,3.72,57.86,34.00,16.49,44.44,49.11,13.28,38,11,68,23,62,63,55.95,36.11,35.29,27.54,27.78,14.86,46,20,64,12,50,75,28.89,40.91,41.46,34.88,27.91,36.00
49,第37回鷲羽杯,6,2021-05-04,16,児島,8,一般,1800,14:22,3746,4054,4441,4423,3879,3436,岡瀬正人,福嶋智之,末永由楽,坂口貴彦,中村格,柏野幸二,岡山,岡山,岡山,岡山,岡山,岡山,A2,B1,A2,B1,B1,A1,46,42,34,32,48,52,52,53,54,55,59,52,6.01,5.01,5.62,4.98,4.09,4.85,39.74,32.56,35.38,30.33,17.09,30.00,6.41,5.07,5.88,5.22,3.94,6.27,43.90,26.23,41.30,38.38,17.48,45.39,53,51,35,32,13,71,40.00,31.51,18.99,37.35,39.02,45.12,72,14,13,33,17,61,65.00,32.50,32.50,35.71,38.10,44.44
50,第37回鷲羽杯,6,2021-05-04,16,児島,9,一般,1800,14:52,3233,3454,4277,3822,4323,5001,小畑実成,井川大作,金田大輔,平尾崇典,山田佑樹,坂本雅佳,岡山,岡山,岡山,岡山,岡山,岡山,A2,B1,B1,A1,B1,B1,54,50,37,48,34,26,52,61,52,50,54,55,5.69,4.61,5.03,7.58,5.70,4.24,37.96,20.72,32.08,59.64,36.56,20.72,6.03,5.47,5.02,7.47,5.18,2.87,44.88,32.91,32.74,58.27,33.77,13.00,47,18,50,37,48,31,47.44,40.24,24.32,38.27,35.00,25.68,19,25,28,58,74,39,36.59,28.57,42.86,36.59,23.81,34.00
51,第37回鷲羽杯,6,2021-05-04,16,児島,10,特別選抜B戦,1800,15:26,4713,4584,3443,4089,4166,4580,白神優,村岡賢人,森秋光,妹尾忠幸,吉田拡郎,長谷川雅,岡山,岡山,岡山,岡山,岡山,岡山,A1,A1,A2,A1,A1,A1,30,31,51,40,39,31,53,54,54,54,53,52,6.16,6.00,5.92,6.02,7.23,5.41,39.66,40.77,37.95,39.75,52.00,34.44,7.08,7.00,5.31,6.11,7.26,5.97,55.88,58.76,33.71,41.57,57.86,40.34,54,28,22,65,38,56,29.49,22.37,37.18,36.05,55.95,36.59,43,21,38,57,46,11,43.90,33.33,42.00,50.00,28.89,43.75
52,第37回鷲羽杯,6,2021-05-04,16,児島,11,特別選抜A戦,1800,16:02,5058,3874,4370,4762,4537,4558,前原大道,山本寛久,山口達也,藤原啓史,渡邉和将,宮野仁,岡山,岡山,岡山,岡山,岡山,岡山,B1,A1,A2,A1,A1,A2,24,44,34,31,31,31,53,53,55,49,52,55,4.84,6.31,6.89,6.44,6.89,4.40,25.44,46.90,59.09,50.75,50.00,25.90,3.72,6.75,7.32,6.49,6.66,4.76,13.28,47.85,62.50,53.37,50.00,30.77,63,17,41,44,14,49,14.86,40.24,42.35,40.00,28.38,42.53,75,34,71,45,60,16,36.00,40.00,35.00,33.33,29.17,32.61
53,第37回鷲羽杯,6,2021-05-04,16,児島,12,優勝戦,1800,16:40,4418,3933,4410,4172,3300,4069,茅原悠紀,山地正樹,井上大輔,森定晃史,川崎智幸,山本修一,岡山,岡山,岡山,岡山,岡山,岡山,A1,A1,A2,A1,A1,A1,33,44,35,38,54,40,56,54,52,52,52,53,7.18,6.91,5.84,6.27,6.18,5.58,43.93,53.79,40.74,42.61,43.24,30.91,7.74,7.26,5.84,6.41,7.55,6.84,64.96,62.39,40.38,42.03,59.84,54.47,59,39,43,33,30,67,30.16,26.39,34.18,45.12,26.39,42.68,51,67,37,47,22,73,40.54,41.30,40.00,31.71,41.46,39.29
54,安岐真人杯争奪瀬戸の大魔神大賞,4,2021-05-04,15,丸亀,1,一般,1800,15:25,5037,3753,4821,3234,3855,4739,田頭虎親,河上哲也,妻鳥晋也,金森史吉,大熊辰弥,中村晃朋,香川,香川,香川,香川,香川,香川,B1,B1,A2,B1,B1,A2,23,49,29,54,48,29,54,54,57,56,52,52,4.84,4.11,6.05,3.58,3.88,6.62,32.17,22.33,45.78,13.89,14.29,49.61,2.99,4.37,5.92,4.25,4.29,6.44,12.99,21.95,39.58,24.62,22.22,44.16,14,61,29,24,20,64,38.05,31.25,43.40,47.00,48.15,35.87,61,43,56,65,40,60,41.95,31.75,36.00,41.53,40.33,31.84
55,安岐真人杯争奪瀬戸の大魔神大賞,4,2021-05-04,15,丸亀,2,一般,1800,15:53,4034,3660,3187,3832,3701,5043,西原明生,長谷川親,篠原俊夫,下田哲也,大西隆洋,中村日向,香川,香川,香川,香川,香川,香川,B1,B1,B1,B1,B1,B1,42,51,60,46,48,22,55,59,53,54,58,53,4.55,4.23,4.40,5.42,4.04,5.52,26.37,20.95,23.08,33.61,23.33,33.33,4.38,4.18,4.46,5.34,4.39,4.16,27.27,16.67,23.76,30.47,26.09,19.10,60,50,13,52,48,17,44.86,41.96,42.72,49.57,36.52,29.29,44,14,45,6,11,23,39.56,38.32,30.85,32.43,37.16,39.57
56,安岐真人杯争奪瀬戸の大魔神大賞,4,2021-05-04,15,丸亀,3,一般,1800,16:21,5032,3543,4776,4020,3710,4260,谷口知優,福田雅一,竹田和哉,川上清人,吉永泰弘,中越博紀,香川,香川,香川,香川,香川,香川,B1,A2,A1,B1,B1,A2,23,52,27,41,46,37,53,54,53,64,56,54,3.51,6.04,6.87,5.58,4.13,5.83,14.29,45.45,54.62,40.00,20.19,39.37,2.47,6.09,6.26,5.30,4.31,6.44,5.56,42.52,44.09,35.64,21.48,47.88,9,62,15,36,35,8,46.85,32.48,36.61,40.18,38.60,43.40,38,16,4,28,32,17,30.11,33.15,34.24,38.59,32.79,39.46
57,安岐真人杯争奪瀬戸の大魔神大賞,4,2021-05-04,15,丸亀,4,一般,1800,16:49,4331,3910,4583,4459,4010,4931,三好勇人,松下知幸,古田祐貴,片岡雅裕,越智照浩,木谷賢太,香川,香川,香川,香川,香川,香川,B1,B1,A2,A1,B1,A2,37,47,31,35,41,25,56,50,51,52,55,54,4.97,4.93,5.76,7.07,3.91,6.34,30.38,29.82,36.84,50.82,12.20,44.35,5.27,4.52,6.07,7.39,4.41,5.95,29.77,24.67,39.86,58.46,20.33,37.27,16,2,26,30,55,49,29.27,27.43,32.20,33.33,36.84,41.82,10,59,24,2,13,35,36.16,35.96,36.07,41.11,34.64,37.29
58,安岐真人杯争奪瀬戸の大魔神大賞,4,2021-05-04,15,丸亀,5,一般,1800,17:17,4220,4348,4894,3578,4772,3975,深川和仁,宮崎奨,原村拓也,塩田雄一,石丸海渡,小野寺智,香川,香川,香川,香川,香川,香川,B1,A2,B1,B1,A1,A2,39,35,30,48,27,44,56,55,52,51,55,52,5.87,5.62,5.69,4.47,6.36,5.74,42.31,35.45,37.00,25.42,37.39,33.82,6.05,5.92,4.57,5.01,6.31,6.05,47.06,39.37,25.32,27.81,44.72,34.23,7,21,3,33,47,6,40.00,30.85,31.40,33.03,35.29,31.09,31,41,30,8,20,33,39.55,31.72,30.39,44.07,38.30,34.24
59,安岐真人杯争奪瀬戸の大魔神大賞,4,2021-05-04,15,丸亀,6,カチ勝ち6,1800,17:46,4154,3541,4452,4852,3401,4946,森安弘雅,三嶌誠司,松尾祭,川原祐明,上田隆章,船越健吾,香川,香川,香川,香川,香川,香川,A2,A1,A2,A1,B1,B1,40,52,33,26,53,29,52,54,54,51,53,52,5.65,6.62,5.56,6.12,5.25,2.57,40.86,47.75,38.82,37.84,35.00,0.00,5.30,6.19,5.95,6.05,5.71,3.13,34.85,40.65,41.35,38.71,41.67,12.28,43,51,31,54,63,32,41.82,38.68,36.21,36.36,31.78,37.50,19,52,7,64,18,29,36.87,33.69,30.86,31.91,29.83,29.95
60,安岐真人杯争奪瀬戸の大魔神大賞,4,2021-05-04,15,丸亀,7,穴ガチ7,1800,18:16,3849,3187,5043,3907,4821,4643,中岡正彦,篠原俊夫,中村日向,村越篤,妻鳥晋也,近江翔吾,香川,香川,香川,香川,香川,香川,A1,B1,B1,A2,A2,A1,43,60,22,43,29,28,53,53,53,57,57,52,6.37,4.40,5.52,5.94,6.05,6.33,51.06,23.08,33.33,39.81,45.78,45.37,6.49,4.46,4.16,5.69,5.92,6.77,48.63,23.76,19.10,37.50,39.58,49.73,41,13,17,53,29,57,37.50,42.72,29.29,39.29,43.40,36.21,21,45,23,46,56,47,33.15,30.85,39.57,34.78,36.00,45.00
61,安岐真人杯争奪瀬戸の大魔神大賞,4,2021-05-04,15,丸亀,8,ガチ勝゛ち8,1800,18:46,3837,4583,3753,4437,3660,5136,秋山広一,古田祐貴,河上哲也,中田元泰,長谷川親,濱野斗馬,香川,香川,香川,香川,香川,香川,A1,A2,B1,A2,B1,B2,45,31,49,34,51,21,51,51,54,56,59,53,6.00,5.76,4.11,7.12,4.23,2.13,40.38,36.84,22.33,59.09,20.95,0.00,6.97,6.07,4.37,6.78,4.18,1.16,48.65,39.86,21.95,51.52,16.67,0.00,40,26,61,22,50,66,32.20,32.20,31.25,30.53,41.96,31.68,51,24,43,48,14,26,45.98,36.07,31.75,40.22,38.32,37.30
62,安岐真人杯争奪瀬戸の大魔神大賞,4,2021-05-04,15,丸亀,9,準優勝戦,1800,19:18,4931,4220,5032,4776,4348,4154,木谷賢太,深川和仁,谷口知優,竹田和哉,宮崎奨,森安弘雅,香川,香川,香川,香川,香川,香川,A2,B1,B1,A1,A2,A2,25,39,23,27,35,40,54,56,53,53,55,52,6.34,5.87,3.51,6.87,5.62,5.65,44.35,42.31,14.29,54.62,35.45,40.86,5.95,6.05,2.47,6.26,5.92,5.30,37.27,47.06,5.56,44.09,39.37,34.85,49,7,9,15,21,43,41.82,40.00,46.85,36.61,30.85,41.82,35,31,38,4,41,19,37.29,39.55,30.11,34.24,31.72,36.87
63,安岐真人杯争奪瀬戸の大魔神大賞,4,2021-05-04,15,丸亀,10,準優勝戦,1800,19:48,4772,3710,4459,4452,3543,3849,石丸海渡,吉永泰弘,片岡雅裕,松尾祭,福田雅一,中岡正彦,香川,香川,香川,香川,香川,香川,A1,B1,A1,A2,A2,A1,27,46,35,33,52,43,55,56,52,54,54,53,6.36,4.13,7.07,5.56,6.04,6.37,37.39,20.19,50.82,38.82,45.45,51.06,6.31,4.31,7.39,5.95,6.09,6.49,44.72,21.48,58.46,41.35,42.52,48.63,47,35,30,31,62,41,35.29,38.60,33.33,36.21,32.48,37.50,20,32,2,7,16,21,38.30,32.79,41.11,30.86,33.15,33.15
64,安岐真人杯争奪瀬戸の大魔神大賞,4,2021-05-04,15,丸亀,11,準優勝戦,1800,20:17,4739,5037,3907,3837,3541,4331,中村晃朋,田頭虎親,村越篤,秋山広一,三嶌誠司,三好勇人,香川,香川,香川,香川,香川,香川,A2,B1,A2,A1,A1,B1,29,23,43,45,52,37,52,54,57,51,54,56,6.62,4.84,5.94,6.00,6.62,4.97,49.61,32.17,39.81,40.38,47.75,30.38,6.44,2.99,5.69,6.97,6.19,5.27,44.16,12.99,37.50,48.65,40.65,29.77,64,14,53,40,51,16,35.87,38.05,39.29,32.20,38.68,29.27,60,61,46,51,52,10,31.84,41.95,34.78,45.98,33.69,36.16
65,安岐真人杯争奪瀬戸の大魔神大賞,4,2021-05-04,15,丸亀,12,一般,1800,20:43,4852,4010,4437,4260,3910,4894,川原祐明,越智照浩,中田元泰,中越博紀,松下知幸,原村拓也,香川,香川,香川,香川,香川,香川,A1,B1,A2,A2,B1,B1,26,41,34,37,47,30,51,55,56,54,50,52,6.12,3.91,7.12,5.83,4.93,5.69,37.84,12.20,59.09,39.37,29.82,37.00,6.05,4.41,6.78,6.44,4.52,4.57,38.71,20.33,51.52,47.88,24.67,25.32,54,55,22,8,2,3,36.36,36.84,30.53,43.40,27.43,31.40,64,13,48,17,59,30,31.91,34.64,40.22,39.46,35.96,30.39
66,第53回報知金杯争奪六甲賞競走,4,2021-05-04,13,尼崎,1,朝からセンプ,1800,10:45,5060,4656,4450,3535,4648,3456,数原魁,大崎翔,平高奈菜,渡修平,木村亮太,松下潤,兵庫,兵庫,香川,兵庫,兵庫,徳島,B1,B1,A1,B1,B1,B1,24,33,33,48,36,49,52,55,46,51,54,54,3.43,4.81,7.19,3.80,5.54,3.05,14.29,25.98,55.71,17.57,34.18,9.20,2.56,5.17,7.39,4.50,4.84,3.22,6.56,33.94,65.22,26.25,23.66,8.70,21,35,55,43,45,44,36.00,44.44,44.44,33.33,44.44,39.29,68,30,61,62,42,70,38.89,45.00,27.78,37.50,47.06,50.00
67,第53回報知金杯争奪六甲賞競走,4,2021-05-04,13,尼崎,3,予選,1800,11:43,3498,3795,3612,4167,3339,4633,白石浩二,金子龍介,馬袋義則,片岡秀樹,泉具巳,森智也,兵庫,兵庫,兵庫,徳島,兵庫,兵庫,B1,A1,A2,B1,B1,B1,52,48,48,38,55,31,52,51,53,60,55,50,3.44,6.86,6.10,4.60,5.29,4.80,14.04,53.45,43.94,30.61,32.08,21.78,4.32,6.57,5.63,3.40,5.91,5.48,21.79,48.41,39.02,15.00,43.96,34.97,26,28,52,6,24,14,20.83,42.31,23.53,55.56,18.75,31.58,71,57,34,38,23,12,20.00,22.22,40.91,61.11,11.11,35.71
68,第53回報知金杯争奪六甲賞競走,4,2021-05-04,13,尼崎,8,予選,1800,14:27,3795,4450,4925,3246,4712,5050,金子龍介,平高奈菜,森悠稀,星野政彦,冨好祐真,木下雄介,兵庫,香川,兵庫,兵庫,兵庫,滋賀,A1,A1,B1,B1,B1,B1,48,33,28,56,30,26,51,46,53,53,55,52,6.86,7.19,5.32,4.71,4.09,4.17,53.45,55.71,37.65,21.43,15.15,16.84,6.57,7.39,5.19,5.36,4.54,2.70,48.41,65.22,33.82,32.48,23.13,5.26,28,55,42,48,33,57,42.31,44.44,50.00,20.00,29.17,25.00,57,61,72,56,67,25,22.22,27.78,13.33,18.75,44.44,47.06
69,第53回報知金杯争奪六甲賞競走,4,2021-05-04,13,尼崎,9,予選,1800,14:55,5056,4278,4356,3498,3122,4761,西岡成美,藤岡俊介,長岡良也,白石浩二,高山哲也,山田晃大,徳島,兵庫,兵庫,兵庫,兵庫,滋賀,B1,A1,A1,B1,B1,B1,25,37,37,52,59,31,46,51,52,52,52,52,4.35,6.88,6.68,3.44,3.99,5.60,19.44,49.18,48.06,14.04,15.91,39.53,3.84,6.60,6.26,4.32,4.32,5.07,10.53,44.92,43.48,21.79,18.97,40.00,22,8,56,26,2,53,18.75,38.89,54.55,20.83,23.53,38.10,74,35,20,71,17,13,43.75,37.50,36.84,20.00,45.00,33.33
70,第53回報知金杯争奪六甲賞競走,4,2021-05-04,13,尼崎,10,予選,1800,15:29,3780,4735,4512,4375,4633,4648,魚谷智之,角山雄哉,高野哲史,照屋厚仁,森智也,木村亮太,兵庫,兵庫,兵庫,兵庫,兵庫,兵庫,A1,B1,A1,A2,B1,B1,45,30,32,36,31,36,52,53,51,51,50,54,7.07,4.46,6.67,5.52,4.80,5.54,44.17,21.37,45.69,35.45,21.78,34.18,7.86,4.46,6.99,6.29,5.48,4.84,68.22,22.62,53.28,46.67,34.97,23.66,12,25,60,15,14,45,38.89,47.06,18.75,44.44,31.58,44.44,29,65,40,37,12,42,58.82,18.75,35.29,33.33,35.71,47.06
71,第53回報知金杯争奪六甲賞競走,4,2021-05-04,13,尼崎,11,予選特選,1800,16:00,4055,4002,3577,4794,4105,4543,吉田俊彦,古結宏,向所浩二,和田拓也,松下直也,重木輝彦,兵庫,兵庫,兵庫,兵庫,兵庫,兵庫,A1,A1,A2,B1,A2,B1,42,43,48,30,41,33,53,52,56,53,52,50,6.72,6.95,5.66,5.55,4.79,6.17,53.28,52.08,37.50,33.96,28.24,40.32,6.98,6.72,5.95,5.17,5.55,6.07,54.60,50.31,39.62,33.96,36.45,40.00,9,40,27,3,38,61,47.37,54.17,34.62,17.65,80.00,50.00,60,27,28,73,18,36,33.33,68.42,27.78,36.84,78.95,26.67
72,2021ラピートカップ,4,2021-05-04,12,住之江,1,予選,1800,15:17,4934,4561,3439,5036,3626,4389,佐々木翔,藤山翔大,大平誉史,福田翔吾,中林秀人,伊藤喜智,大阪,大阪,大阪,大阪,大阪,大阪,B1,A2,A2,B1,B1,B1,24,30,51,23,51,35,55,52,52,54,60,52,5.72,6.88,5.94,3.69,3.76,5.15,38.46,52.89,42.86,18.52,18.29,32.61,4.72,5.92,6.07,2.97,3.58,4.54,26.47,48.98,40.00,10.34,15.38,22.03,65,81,61,52,69,73,40.91,37.50,36.00,36.00,30.77,48.39,78,13,72,15,51,52,21.43,52.00,18.75,15.00,17.39,52.00
73,2021ラピートカップ,4,2021-05-04,12,住之江,3,予選,1800,16:03,5046,4384,5054,4639,4788,3997,松山裕基,鶴本崇文,佐々木大,雑賀勇貴,小池哲也,北村征嗣,大阪,大阪,大阪,大阪,大阪,大阪,B1,A1,B1,B1,A2,A1,27,35,25,30,31,42,53,51,52,53,53,53,3.40,6.07,3.16,4.39,5.98,6.56,10.96,41.74,10.81,21.74,39.34,47.37,1.98,6.07,2.20,4.92,4.71,6.58,4.08,38.81,5.00,26.14,28.42,43.02,22,63,68,74,86,26,44.44,24.00,32.00,29.63,50.00,33.33,89,70,39,93,59,87,37.50,40.00,30.43,46.67,26.92,26.67
74,2021ラピートカップ,4,2021-05-04,12,住之江,6,予選特別B戦,1800,17:21,3557,4042,4710,3626,3725,3415,太田和美,丸岡正典,福田宗平,中林秀人,向達哉,松井繁,大阪,大阪,大阪,大阪,大阪,大阪,A1,A1,A2,B1,B1,A1,48,41,31,51,49,51,53,52,51,60,53,52,7.08,7.09,5.21,3.76,4.84,6.78,50.44,53.57,28.18,18.29,30.19,39.56,6.78,6.94,5.89,3.58,4.63,7.71,48.13,48.78,37.70,15.38,28.74,59.74,58,88,57,69,29,76,26.67,33.33,40.00,30.77,32.14,60.00,62,80,20,51,32,92,42.31,41.18,26.92,17.39,17.39,33.33
75,2021ラピートカップ,4,2021-05-04,12,住之江,7,予選,1800,17:49,4168,3439,4397,4489,4411,4639,石野貴之,大平誉史,西村拓也,岩川仁士,沢田昭宏,雑賀勇貴,大阪,大阪,大阪,大阪,大阪,大阪,A1,A2,A1,B1,B1,B1,38,51,34,34,35,30,53,52,53,53,54,53,6.58,5.94,6.97,4.98,5.32,4.39,43.37,42.86,48.46,25.27,31.03,21.74,7.12,6.07,7.36,4.33,5.85,4.92,55.30,40.00,53.53,20.00,38.30,26.14,37,61,35,38,72,74,42.31,36.00,33.33,48.00,40.91,29.63,68,72,27,66,75,93,16.00,18.75,26.09,17.39,28.57,46.67
76,2021ラピートカップ,4,2021-05-04,12,住之江,8,トワイライト,1800,18:18,3556,4389,4200,4719,4631,3079,田中信一,伊藤喜智,早川尚人,上條暢嵩,新井英孝,新地雅洋,大阪,大阪,大阪,大阪,大阪,大阪,A1,B1,B1,A1,B1,B1,48,35,38,27,33,57,53,52,53,51,52,52,6.53,5.15,4.75,7.20,4.99,3.54,50.00,32.61,23.15,56.67,29.58,16.00,7.00,4.54,4.78,6.94,4.35,5.21,51.43,22.03,25.00,50.97,24.49,31.91,36,73,53,79,18,62,28.00,48.39,56.25,50.00,35.29,68.00,94,52,58,86,61,77,44.44,52.00,34.78,37.50,47.06,31.25
77,2021ラピートカップ,4,2021-05-04,12,住之江,10,予選特別B戦,1800,19:25,4357,3161,4384,4561,4377,4042,田中和也,古場輝義,鶴本崇文,藤山翔大,濱本優一,丸岡正典,大阪,大阪,大阪,大阪,大阪,大阪,A1,B1,A1,A2,A2,A1,36,61,35,30,36,41,53,52,51,52,50,52,6.95,5.74,6.07,6.88,6.18,7.09,53.21,35.19,41.74,52.89,45.54,53.57,6.48,5.03,6.07,5.92,5.76,6.94,51.52,28.17,38.81,48.98,35.53,48.78,39,17,63,81,28,88,43.48,34.78,24.00,37.50,54.17,33.33,67,38,70,13,30,80,55.56,20.00,40.00,52.00,36.00,41.18
78,2021ラピートカップ,4,2021-05-04,12,住之江,11,予選特別A戦,1800,20:02,4044,4653,3963,3557,3915,4397,湯川浩司,小野達哉,原田秀弥,太田和美,繁野谷圭,西村拓也,大阪,大阪,大阪,大阪,大阪,大阪,A1,A1,A1,A1,A2,A1,41,35,42,48,47,34,52,52,53,53,52,53,7.36,6.20,5.97,7.08,6.21,6.97,52.63,44.32,39.47,50.44,35.66,48.46,7.71,6.46,6.09,6.78,6.56,7.36,57.65,44.23,43.31,48.13,46.15,53.53,78,84,11,58,23,35,25.00,48.00,31.25,26.67,40.00,33.33,11,24,16,62,26,27,23.08,25.00,23.53,42.31,53.85,26.09
79,2021ラピートカップ,4,2021-05-04,12,住之江,12,一般特別戦,1800,20:41,3415,3997,4168,3556,4659,4666,松井繁,北村征嗣,石野貴之,田中信一,木下翔太,日笠勝弘,大阪,大阪,大阪,大阪,大阪,大阪,A1,A1,A1,A1,A1,B1,51,42,38,48,30,37,52,53,53,53,54,52,6.78,6.56,6.58,6.53,6.94,4.27,39.56,47.37,43.37,50.00,50.41,30.77,7.71,6.58,7.12,7.00,7.43,4.98,59.74,43.02,55.30,51.43,54.39,30.51,76,26,37,36,10,75,60.00,33.33,42.31,28.00,26.09,26.67,92,87,68,94,12,37,33.33,26.67,16.00,44.44,42.86,40.00
80,びわこヴィーナス!第2回酒処京都新京極スタンド杯,6,2021-05-04,11,琵琶湖,1,一般,1800,10:36,4900,3994,4940,3355,4909,5069,中田夕貴,茶谷桜,白石有美,橋谷田佳,薮内瑞希,山崎小葉,埼玉,滋賀,東京,東京,岡山,群馬,B1,A2,B2,B1,B1,B1,28,42,22,52,25,20,48,46,56,42,44,44,5.53,4.73,1.74,3.70,4.54,2.31,36.59,25.00,0.00,1.85,19.67,4.76,3.07,5.61,1.08,4.72,5.00,1.64,13.33,36.36,0.00,20.00,16.67,0.00,24,17,57,32,61,46,26.59,31.25,44.40,27.84,32.19,35.48,17,28,25,13,51,55,42.42,35.42,31.41,31.32,32.98,33.33
81,びわこヴィーナス!第2回酒処京都新京極スタンド杯,6,2021-05-04,11,琵琶湖,2,一般,1800,11:04,4569,3801,4738,4882,4791,5173,中澤宏奈,五反田忍,清埜翔子,瀧川千依,黒澤めぐ,谷口佳蓮,東京,大阪,埼玉,広島,東京,香川,B1,A2,B1,B1,B1,B2,33,47,29,25,31,19,46,50,48,47,49,46,4.82,5.49,4.80,4.47,5.01,1.34,24.56,39.29,28.57,28.92,25.88,0.00,4.32,4.77,2.06,4.25,0.00,0.00,20.59,28.21,0.00,6.25,0.00,0.00,41,67,43,26,22,16,35.06,37.23,35.80,41.39,34.36,32.74,15,26,56,23,58,34,36.95,34.00,35.68,30.34,32.34,36.79
82,びわこヴィーナス!第2回酒処京都新京極スタンド杯,6,2021-05-04,11,琵琶湖,3,一般,1800,11:34,4730,4519,5030,4589,5171,5144,土屋実沙,清水沙樹,金子千穂,塩崎桐加,清水未唯,中尾彩香,静岡,東京,群馬,三重,滋賀,福岡,A2,B1,B1,A1,B2,B2,32,34,23,29,20,19,45,49,45,50,47,48,5.66,5.26,1.94,6.21,1.47,1.27,39.68,35.29,3.88,42.48,0.00,0.00,6.30,0.00,1.50,6.75,0.78,0.00,50.00,0.00,0.00,52.17,0.00,0.00,25,55,12,56,28,13,30.40,35.87,31.85,29.15,27.62,34.40,57,53,54,35,39,63,41.38,29.84,36.92,29.94,38.73,31.11
83,びわこヴィーナス!第2回酒処京都新京極スタンド杯,6,2021-05-04,11,琵琶湖,4,一般,1800,12:04,4313,5088,4853,5078,5129,4536,西村美智,高憧四季,前原哉,山川波乙,山口真喜,喜井つか,香川,大阪,岡山,三重,長崎,岡山,A2,B1,B1,B1,B2,B2,37,21,26,23,24,31,49,46,47,46,50,46,6.24,4.32,3.98,2.51,2.34,0.00,42.86,25.44,16.06,4.48,5.21,0.00,5.68,3.08,2.50,1.25,2.11,5.55,36.84,19.23,12.50,0.00,0.00,36.36,30,21,27,29,31,59,43.18,40.09,32.75,38.34,36.02,38.49,44,62,60,45,68,64,42.11,35.53,32.85,42.33,40.00,36.76
84,びわこヴィーナス!第2回酒処京都新京極スタンド杯,6,2021-05-04,11,琵琶湖,5,一般,1800,12:34,4482,3355,4819,4940,5163,5140,守屋美穂,橋谷田佳,蜂須瑞生,白石有美,清水愛海,吉田彩乃,岡山,東京,群馬,東京,山口,静岡,A1,B1,B1,B2,B2,B2,32,52,29,22,21,20,45,42,45,56,47,53,6.94,3.70,5.33,1.74,2.14,1.48,50.74,1.85,34.91,0.00,2.86,2.38,6.78,4.72,4.27,1.08,0.00,0.00,51.22,20.00,20.00,0.00,0.00,0.00,18,32,64,57,14,66,39.75,27.84,25.81,44.40,33.77,40.25,19,13,30,25,73,27,37.20,31.32,39.51,31.41,38.00,34.15
85,びわこヴィーナス!第2回酒処京都新京極スタンド杯,6,2021-05-04,11,琵琶湖,6,一般,1800,13:04,4642,3334,4338,4791,5069,5174,松尾夏海,角ひとみ,飯田佳江,黒澤めぐ,山崎小葉,川井萌,香川,広島,滋賀,東京,群馬,静岡,A2,A2,B1,B1,B1,B2,29,52,36,31,20,19,46,45,46,49,44,43,6.24,5.30,3.97,5.01,2.31,1.66,48.84,35.67,8.57,25.88,4.76,1.61,0.00,6.22,3.36,0.00,1.64,0.00,0.00,55.56,11.90,0.00,0.00,0.00,34,38,35,22,46,60,33.33,39.08,29.10,34.36,35.48,39.77,50,41,69,58,55,12,43.20,32.22,33.51,32.34,33.33,33.01
86,びわこヴィーナス!第2回酒処京都新京極スタンド杯,6,2021-05-04,11,琵琶湖,7,一般,1800,13:36,4678,4994,4909,3994,5144,5162,水野望美,山本梨菜,薮内瑞希,茶谷桜,中尾彩香,松尾怜実,愛知,佐賀,岡山,滋賀,福岡,福岡,A2,B1,B1,A2,B2,B2,32,23,25,42,19,21,45,49,44,46,48,47,5.63,4.03,4.54,4.73,1.27,1.29,36.09,15.22,19.67,25.00,0.00,0.00,6.40,3.61,5.00,5.61,0.00,0.00,40.00,11.11,16.67,36.36,0.00,0.00,58,11,61,17,13,23,29.66,26.43,32.19,31.25,34.40,41.64,18,22,51,28,63,66,34.36,33.89,32.98,35.42,31.11,31.60
87,びわこヴィーナス!第2回酒処京都新京極スタンド杯,6,2021-05-04,11,琵琶湖,8,一般,1800,14:10,4011,4738,4589,5171,4313,5129,堀之内紀,清埜翔子,塩崎桐加,清水未唯,西村美智,山口真喜,岡山,埼玉,三重,滋賀,香川,長崎,A2,B1,A1,B2,A2,B2,41,29,29,20,37,24,45,48,50,47,49,50,5.85,4.80,6.21,1.47,6.24,2.34,43.51,28.57,42.48,0.00,42.86,5.21,6.77,2.06,6.75,0.78,5.68,2.11,51.61,0.00,52.17,0.00,36.84,0.00,49,43,56,28,30,31,24.84,35.80,29.15,27.62,43.18,36.02,16,56,35,39,44,68,37.23,35.68,29.94,38.73,42.11,40.00
88,びわこヴィーナス!第2回酒処京都新京極スタンド杯,6,2021-05-04,11,琵琶湖,9,ヴィーナス特,1800,14:44,4882,4525,4746,3175,4819,4519,瀧川千依,真子奈津,大豆生蒼,渡辺千草,蜂須瑞生,清水沙樹,広島,福岡,埼玉,東京,群馬,東京,B1,B1,B1,B1,B1,B1,25,32,26,57,29,34,47,47,48,47,45,49,4.47,4.41,5.39,5.39,5.33,5.26,28.92,23.62,37.23,32.14,34.91,35.29,4.25,4.60,5.96,6.92,4.27,0.00,6.25,30.00,51.85,56.00,20.00,0.00,26,53,40,19,64,55,41.39,36.14,33.74,29.30,25.81,35.87,23,29,14,20,30,53,30.34,29.73,38.34,32.52,39.51,29.84
89,びわこヴィーナス!第2回酒処京都新京極スタンド杯,6,2021-05-04,11,琵琶湖,10,選抜戦,1800,15:20,3334,4853,4730,4900,4569,4678,角ひとみ,前原哉,土屋実沙,中田夕貴,中澤宏奈,水野望美,広島,岡山,静岡,埼玉,東京,愛知,A2,B1,A2,B1,B1,A2,52,26,32,28,33,32,45,47,45,48,46,45,5.30,3.98,5.66,5.53,4.82,5.63,35.67,16.06,39.68,36.59,24.56,36.09,6.22,2.50,6.30,3.07,4.32,6.40,55.56,12.50,50.00,13.33,20.59,40.00,38,27,25,24,41,58,39.08,32.75,30.40,26.59,35.06,29.66,41,60,57,17,15,18,32.22,32.85,41.38,42.42,36.95,34.36
90,びわこヴィーナス!第2回酒処京都新京極スタンド杯,6,2021-05-04,11,琵琶湖,11,選抜戦,1800,15:57,3801,4642,4994,4482,5088,4011,五反田忍,松尾夏海,山本梨菜,守屋美穂,高憧四季,堀之内紀,大阪,香川,佐賀,岡山,大阪,岡山,A2,A2,B1,A1,B1,A2,47,29,23,32,21,41,50,46,49,45,46,45,5.49,6.24,4.03,6.94,4.32,5.85,39.29,48.84,15.22,50.74,25.44,43.51,4.77,0.00,3.61,6.78,3.08,6.77,28.21,0.00,11.11,51.22,19.23,51.61,67,34,11,18,21,49,37.23,33.33,26.43,39.75,40.09,24.84,26,50,40,19,62,16,34.00,43.20,29.28,37.20,35.53,37.23
91,びわこヴィーナス!第2回酒処京都新京極スタンド杯,6,2021-05-04,11,琵琶湖,12,優勝戦,1800,16:35,4502,3232,4399,4464,4556,4117,遠藤エミ,山川美由,松本晶恵,山下友貴,竹井奈美,廣中智紗,滋賀,香川,群馬,静岡,福岡,東京,A1,A1,A1,A2,A1,A1,33,54,33,34,31,40,45,46,46,43,47,46,7.47,5.74,6.61,5.34,7.08,6.27,53.39,38.24,48.62,33.88,53.44,43.43,7.19,6.60,7.00,5.86,7.73,4.67,58.21,60.00,56.67,31.82,63.64,33.33,52,62,39,47,20,44,34.88,34.55,28.51,41.34,37.05,28.63,43,49,38,31,32,46,40.67,37.16,36.07,37.44,37.61,35.60
92,GW三国ボートフェスタ,5,2021-05-04,10,三国,1,みくにあさイ,1800,08:50,4210,3697,4449,5074,4520,5091,松村康太,勝野竜司,中嶋達也,大澤誠也,高倉孝太,為本智也,福井,兵庫,兵庫,愛知,福井,福井,A1,B2,B1,B1,B1,B1,38,48,33,25,34,20,53,52,52,55,51,55,5.85,2.89,4.22,3.18,5.09,3.79,32.64,12.77,19.54,10.00,33.91,19.05,6.01,1.67,4.67,1.71,5.26,3.41,35.00,0.00,22.22,0.00,31.31,14.71,13,36,61,55,42,23,64.71,47.37,56.25,44.44,23.53,28.57,18,61,38,57,71,39,40.00,58.33,43.75,23.53,53.33,35.00
93,GW三国ボートフェスタ,5,2021-05-04,10,三国,2,みくにあさガ,1800,09:19,3912,4067,3409,3507,4711,5024,川原正明,永井源,三好一,藤井徹,前出達吉,古場健也,福井,愛知,福井,大阪,福井,福井,A2,A1,B1,B1,B1,B2,47,41,51,49,31,26,50,53,55,53,51,53,5.71,6.36,4.38,4.76,4.85,2.90,37.84,45.29,26.45,26.80,26.36,10.45,6.43,0.00,5.05,5.26,4.96,1.76,50.00,0.00,33.14,30.43,28.48,4.60,29,21,69,60,18,17,7.69,40.00,33.33,25.00,12.50,31.58,54,45,47,14,46,32,33.33,17.65,31.25,17.65,33.33,29.41
94,GW三国ボートフェスタ,5,2021-05-04,10,三国,3,みくにあさズ,1800,09:48,4409,4381,3654,3170,3620,3922,坂元浩仁,田路朋史,武田光史,谷口勝,信濃由行,菅沼佳昭,愛知,兵庫,福井,大阪,福井,愛知,A1,B1,A1,B2,B1,B1,35,36,47,58,47,45,56,52,54,52,56,50,6.64,5.87,6.34,2.92,4.67,4.52,50.00,42.86,45.05,7.81,27.62,23.48,6.63,5.04,7.06,2.29,4.11,4.41,50.00,30.43,53.46,0.00,19.30,27.03,43,67,70,49,26,45,29.41,40.00,78.57,16.67,28.57,11.76,19,11,24,23,68,49,33.33,23.53,50.00,16.67,56.25,36.84
95,GW三国ボートフェスタ,5,2021-05-04,10,三国,4,みくにあさ推,1800,10:19,3814,4285,3946,4013,4725,5038,金子貴志,伴将典,赤岩善生,中島孝平,佐竹太一,金田智博,福井,愛知,愛知,福井,兵庫,福井,A2,B1,A1,A1,B1,B1,45,36,45,41,34,23,48,60,54,51,52,51,5.45,4.27,7.31,7.56,4.26,4.41,35.62,20.83,54.82,54.93,24.42,24.22,5.88,5.00,8.49,7.73,3.13,3.49,38.50,30.61,67.92,62.76,12.50,16.78,22,25,37,50,66,68,42.86,14.29,25.00,23.08,42.86,13.33,66,36,26,16,64,34,47.37,47.37,20.00,46.67,14.29,20.00
96,GW三国ボートフェスタ,5,2021-05-04,10,三国,6,一般,1800,11:21,4129,4269,3507,3833,3697,4003,宇野博之,杉山裕也,藤井徹,中辻博訓,勝野竜司,表憲一,愛知,愛知,大阪,福井,兵庫,福井,B1,A1,B1,A1,B2,A2,41,35,49,46,48,43,55,54,53,53,52,54,4.54,6.59,4.76,6.25,2.89,5.94,24.14,47.22,26.80,45.28,12.77,31.82,4.58,6.50,5.26,7.13,1.67,5.92,34.62,60.00,30.43,58.19,0.00,41.32,64,28,60,44,36,24,38.46,15.38,25.00,66.67,47.37,46.67,22,67,14,58,61,20,23.53,42.86,17.65,30.77,58.33,26.67
97,GW三国ボートフェスタ,5,2021-05-04,10,三国,7,一般,1800,11:52,4664,3620,4520,5024,4876,5114,東口晃,信濃由行,高倉孝太,古場健也,梅木敬太,小林孝彰,福井,福井,福井,福井,福井,福井,B1,B1,B1,B2,B1,B1,37,47,34,26,26,21,54,56,51,53,53,53,3.69,4.67,5.09,2.90,4.94,2.52,15.00,27.62,33.91,10.45,32.99,8.00,4.42,4.11,5.26,1.76,4.97,1.93,24.42,19.30,31.31,4.60,28.65,2.41,15,26,42,17,62,48,52.00,28.57,23.53,31.58,31.82,30.77,70,68,71,32,31,51,25.00,56.25,53.33,29.41,73.68,30.77
98,GW三国ボートフェスタ,5,2021-05-04,10,三国,9,一般,1800,12:56,4369,3170,4725,4587,4021,3635,丹下将,谷口勝,佐竹太一,木田峰由,吉田健太,石田政吾,愛知,大阪,兵庫,福井,愛知,福井,A2,B2,B1,A2,B1,A1,35,58,34,30,41,50,58,52,52,54,52,54,6.31,2.92,4.26,5.13,4.78,5.86,46.46,7.81,24.42,34.92,33.04,44.35,5.76,2.29,3.13,5.44,4.24,6.31,43.90,0.00,12.50,34.25,24.44,50.98,27,49,66,57,31,32,30.77,16.67,42.86,39.13,25.00,47.37,33,23,64,35,13,21,60.00,16.67,14.29,45.00,55.56,50.00
99,GW三国ボートフェスタ,5,2021-05-04,10,三国,10,準優勝戦,1800,13:33,3833,3654,4210,4067,3814,3967,中辻博訓,武田光史,松村康太,永井源,金子貴志,鈴木茂高,福井,福井,福井,愛知,福井,愛知,A1,A1,A1,A1,A2,B1,46,47,38,41,45,41,53,54,53,53,48,57,6.25,6.34,5.85,6.36,5.45,4.66,45.28,45.05,32.64,45.29,35.62,27.41,7.13,7.06,6.01,0.00,5.88,5.24,58.19,53.46,35.00,0.00,38.50,41.38,44,70,13,21,22,47,66.67,78.57,64.71,40.00,42.86,40.00,58,56,18,45,66,44,30.77,66.67,40.00,17.65,47.37,30.77
100,GW三国ボートフェスタ,5,2021-05-04,10,三国,12,準優勝戦,1800,14:50,4061,3946,4269,4381,3409,4664,萩原秀人,赤岩善生,杉山裕也,田路朋史,三好一,東口晃,福井,愛知,愛知,兵庫,福井,福井,A1,A1,A1,B1,B1,B1,41,45,35,36,51,37,55,54,54,52,55,54,7.22,7.31,6.59,5.87,4.38,3.69,57.72,54.82,47.22,42.86,26.45,15.00,7.53,8.49,6.50,5.04,5.05,4.42,57.80,67.92,60.00,30.43,33.14,24.42,16,37,28,67,69,15,44.44,25.00,15.38,40.00,33.33,52.00,40,26,67,11,47,70,71.43,20.00,42.86,23.53,31.25,25.00
101,スポーツニッポンパール賞競走,5,2021-05-04,9,津,1,ツッキーレー,1800,10:30,4579,3905,3644,4681,4675,5128,中嶋健一,天野友和,矢橋成介,太田潮,井手良太,坪井爽佑,三重,愛知,三重,愛知,大阪,三重,A1,B1,B1,B1,B1,B2,31,43,48,30,33,24,52,52,59,57,52,56,6.49,5.18,4.61,4.33,4.51,2.17,53.33,27.05,23.77,20.56,25.93,4.29,6.33,4.76,3.96,4.56,4.07,1.80,46.26,22.22,15.03,22.22,25.93,3.33,35,13,73,39,67,25,36.91,30.57,37.50,27.27,33.56,39.87,61,65,17,57,58,24,36.76,35.20,36.09,29.32,36.09,34.82
102,スポーツニッポンパール賞競走,5,2021-05-04,9,津,2,一般,1800,10:57,3392,3542,3852,4156,3823,4903,小森信雄,清水紀克,澤大介,浜野孝志,本部真吾,吉田凌太,三重,愛知,三重,三重,三重,愛知,B1,B1,B1,A2,B1,B1,55,52,48,40,48,27,55,55,52,56,58,55,4.33,4.34,4.93,5.31,5.51,6.07,21.43,27.00,28.04,35.64,35.09,39.82,4.62,3.73,5.40,5.81,4.47,5.97,26.61,26.67,30.00,42.31,26.00,43.33,37,28,70,31,47,34,26.47,33.57,33.54,32.03,51.08,37.42,38,56,37,15,20,21,41.61,29.37,37.33,30.53,37.40,25.40
103,スポーツニッポンパール賞競走,5,2021-05-04,9,津,3,一般,1800,11:24,5089,4977,4920,4466,4181,4856,前田翔,馬野耀,桐村翔太,南佑典,花本夏樹,豊田健士,愛知,大阪,大阪,三重,三重,三重,B1,B1,B2,A1,B1,A1,21,27,30,34,37,25,48,54,49,51,53,52,5.55,3.83,4.17,5.74,4.37,6.85,30.69,18.06,26.19,36.61,18.81,45.26,4.43,4.97,3.25,6.20,4.89,6.63,17.14,28.13,8.33,43.48,23.73,48.33,24,56,71,19,65,18,36.43,30.71,36.28,43.75,28.99,27.61,27,28,14,54,19,29,38.46,34.62,36.73,41.60,37.38,29.66
104,スポーツニッポンパール賞競走,5,2021-05-04,9,津,4,一般,1800,11:52,4467,4453,3848,4796,3842,4227,渡邉俊介,永田郁弥,川上聡介,春園功太,星野太郎,安達裕樹,愛知,愛知,愛知,三重,三重,三重,B1,B1,B1,A2,B1,A1,34,33,43,29,44,38,50,53,56,52,52,52,5.08,4.33,4.80,5.85,5.75,6.31,32.71,22.45,24.14,40.91,42.52,39.22,5.97,4.02,4.73,6.68,5.57,6.70,42.11,26.19,26.03,51.39,38.02,48.29,30,58,50,40,43,27,32.84,30.67,31.15,29.60,46.56,27.46,32,69,64,22,16,31,31.58,30.83,36.72,31.85,33.85,40.50
105,スポーツニッポンパール賞競走,5,2021-05-04,9,津,5,5ールドレー,1800,12:19,4754,4912,4270,3870,4431,3905,松尾充,中山将太,岸本雄貴,寺嶋雄,石塚裕介,天野友和,三重,福井,三重,福井,三重,愛知,A1,B1,B1,B1,B1,B1,32,25,39,45,35,43,52,53,58,51,52,52,5.47,5.72,4.74,4.77,5.37,5.18,37.80,37.84,29.17,26.61,32.73,27.05,6.29,4.91,4.44,5.00,5.70,4.76,44.90,34.38,20.69,23.33,37.40,22.22,17,45,29,16,36,13,51.41,37.10,33.52,34.04,34.36,30.57,48,39,72,33,66,65,30.66,39.44,38.46,40.71,42.11,35.20
106,スポーツニッポンパール賞競走,5,2021-05-04,9,津,6,一般,1800,12:46,4043,4310,3392,4824,4049,5137,桐本康臣,横家翔一,小森信雄,松井洪弥,荒川健太,川原涼,三重,愛知,三重,三重,三重,愛知,A2,B1,B1,A2,A1,B2,41,37,55,28,40,21,54,59,55,52,54,52,6.25,3.55,4.33,5.64,5.98,1.48,44.44,14.49,21.43,35.40,39.57,0.00,6.28,3.78,4.62,5.57,6.47,1.13,47.41,15.00,26.61,35.00,48.13,0.00,59,66,37,63,33,62,34.62,26.52,26.47,34.06,44.70,30.00,11,74,38,51,53,50,36.03,31.20,41.61,42.03,39.85,34.92
107,スポーツニッポンパール賞競走,5,2021-05-04,9,津,7,一般,1800,13:14,4340,4903,4681,4808,4623,4977,土性雅也,吉田凌太,太田潮,松尾拓,中北将史,馬野耀,三重,愛知,愛知,三重,三重,大阪,A2,B1,B1,A1,A2,B1,36,27,30,32,36,27,54,55,57,50,52,54,5.46,6.07,4.33,6.40,4.24,3.83,34.15,39.82,20.56,41.67,18.70,18.06,5.97,5.97,4.56,6.56,5.14,4.97,38.54,43.33,22.22,48.59,30.61,28.13,68,34,39,72,41,56,35.61,37.42,27.27,35.62,31.34,30.71,67,21,57,71,62,28,44.35,25.40,29.32,32.35,29.55,34.62
108,スポーツニッポンパール賞競走,5,2021-05-04,9,津,8,一般,1800,13:48,4358,3823,4675,4344,4920,4834,松本庸平,本部真吾,井手良太,新田雄史,桐村翔太,浜本裕己,三重,三重,大阪,三重,大阪,大阪,A2,B1,B1,A1,B2,B1,36,48,33,36,30,33,50,58,52,54,49,51,4.68,5.51,4.51,7.56,4.17,4.54,27.50,35.09,25.93,51.22,26.19,22.30,5.96,4.47,4.07,8.08,3.25,5.40,45.36,26.00,25.93,67.86,8.33,40.00,54,47,67,20,71,61,33.09,51.08,33.56,40.98,36.28,32.35,34,20,58,68,14,52,30.33,37.40,36.09,35.66,36.73,46.21
109,スポーツニッポンパール賞競走,5,2021-05-04,9,津,9,一般,1800,14:21,3712,3848,4066,3268,3870,3852,淺香文武,川上聡介,東本勝利,森竜也,寺嶋雄,澤大介,三重,愛知,三重,三重,福井,三重,A2,B1,A2,A2,B1,B1,46,43,41,55,45,48,55,56,55,53,51,52,5.53,4.80,5.85,5.65,4.77,4.93,39.00,24.14,40.00,40.16,26.61,28.04,5.77,4.73,7.02,6.06,5.00,5.40,41.54,26.03,55.64,42.51,23.33,30.00,15,50,38,51,16,70,34.18,31.15,44.72,34.78,34.04,33.54,25,64,59,13,33,37,29.03,36.72,31.62,33.63,40.71,37.33
110,スポーツニッポンパール賞競走,5,2021-05-04,9,津,10,準優勝戦,1800,14:58,4049,4856,4156,3644,4467,4043,荒川健太,豊田健士,浜野孝志,矢橋成介,渡邉俊介,桐本康臣,三重,三重,三重,三重,愛知,三重,A1,A1,A2,B1,B1,A2,40,25,40,48,34,41,54,52,56,59,50,54,5.98,6.85,5.31,4.61,5.08,6.25,39.57,45.26,35.64,23.77,32.71,44.44,6.47,6.63,5.81,3.96,5.97,6.28,48.13,48.33,42.31,15.03,42.11,47.41,33,18,31,73,30,59,44.70,27.61,32.03,37.50,32.84,34.62,53,29,15,17,32,11,39.85,29.66,30.53,36.09,31.58,36.03
111,スポーツニッポンパール賞競走,5,2021-05-04,9,津,11,準優勝戦,1800,15:36,4227,3842,4824,4270,4912,5089,安達裕樹,星野太郎,松井洪弥,岸本雄貴,中山将太,前田翔,三重,三重,三重,三重,福井,愛知,A1,B1,A2,B1,B1,B1,38,44,28,39,25,21,52,52,52,58,53,48,6.31,5.75,5.64,4.74,5.72,5.55,39.22,42.52,35.40,29.17,37.84,30.69,6.70,5.57,5.57,4.44,4.91,4.43,48.29,38.02,35.00,20.69,34.38,17.14,27,43,63,29,45,24,27.46,46.56,34.06,33.52,37.10,36.43,31,16,51,72,39,27,40.50,33.85,42.03,38.46,39.44,38.46
112,スポーツニッポンパール賞競走,5,2021-05-04,9,津,12,準優勝戦,1800,16:15,4344,4808,4466,4579,4754,4340,新田雄史,松尾拓,南佑典,中嶋健一,松尾充,土性雅也,三重,三重,三重,三重,三重,三重,A1,A1,A1,A1,A1,A2,36,32,34,31,32,36,54,50,51,52,52,54,7.56,6.40,5.74,6.49,5.47,5.46,51.22,41.67,36.61,53.33,37.80,34.15,8.08,6.56,6.20,6.33,6.29,5.97,67.86,48.59,43.48,46.26,44.90,38.54,20,72,19,35,17,68,40.98,35.62,43.75,36.91,51.41,35.61,41,71,54,61,48,67,27.50,32.35,41.60,36.76,30.66,44.35
113,中日スポーツ杯争奪第41回チャンピオン大会,4,2021-05-04,8,常滑,1,予選,1800,11:05,3891,4863,4570,4565,3945,5130,谷口健一,三浦裕貴,前田聖文,西村豪洋,橋口真樹,上野拓馬,福井,東京,愛知,愛知,愛知,三重,B1,B1,A2,A2,B1,B2,45,32,33,33,45,23,55,54,54,52,50,54,3.99,4.96,5.85,5.02,4.05,1.73,15.79,29.79,39.84,30.47,15.38,2.17,2.26,4.24,5.89,5.42,4.94,1.20,0.00,14.29,40.00,34.65,25.61,0.00,40,9,51,48,34,14,32.00,33.66,38.14,26.26,23.30,34.86,38,60,56,58,59,50,33.67,30.32,38.74,37.96,30.05,38.07
114,中日スポーツ杯争奪第41回チャンピオン大会,4,2021-05-04,8,常滑,2,予選,1800,11:31,4231,3831,3022,4483,3776,5110,鈴木裕隆,安藤裕貴,西山昇一,北野輝季,横井健太,杉山喜一,愛知,愛知,愛知,愛知,愛知,静岡,B1,A2,A1,A2,B1,B1,37,46,60,32,45,21,59,53,52,53,53,52,4.62,4.93,6.47,6.48,4.75,2.39,27.27,34.38,44.09,47.37,24.30,1.11,4.34,5.10,6.28,6.28,4.62,2.59,25.00,34.48,45.87,47.62,24.21,3.45,10,19,37,33,26,21,41.90,31.68,35.64,29.17,36.26,33.33,66,37,29,17,71,52,31.35,31.47,33.89,31.12,30.89,36.08
115,中日スポーツ杯争奪第41回チャンピオン大会,4,2021-05-04,8,常滑,3,予選,1800,11:58,4215,4983,4084,3488,3231,3044,吉島祥之,前田篤哉,杉山正樹,柳田英明,吉田隆義,三宅爾士,愛知,愛知,愛知,東京,愛知,福井,B1,A1,A1,B1,B1,B1,36,24,41,54,55,60,53,51,55,52,55,57,5.11,6.16,6.93,4.56,4.34,4.54,27.88,42.86,54.40,24.00,26.53,24.21,5.73,5.83,8.09,5.44,5.28,4.31,35.87,42.63,70.00,43.75,32.31,25.00,12,59,56,1,60,24,31.82,36.45,40.37,32.00,53.98,36.94,75,53,20,65,30,54,31.14,43.13,31.00,36.94,32.64,31.98
116,中日スポーツ杯争奪第41回チャンピオン大会,4,2021-05-04,8,常滑,4,予選,1800,12:28,4228,4337,4943,4118,4461,4161,吉田慎二,平本真之,八木治樹,宇佐見淳,安田吉宏,黒柳浩孝,愛知,愛知,愛知,愛知,三重,愛知,B1,A1,B1,A1,B1,A2,38,36,30,40,35,39,58,54,53,54,57,54,4.80,7.15,4.72,6.02,4.05,5.90,26.00,46.81,31.48,39.26,22.95,37.68,5.30,8.09,4.21,6.13,3.86,5.17,35.00,65.79,23.68,39.53,21.43,30.77,6,28,31,43,58,32,35.71,29.52,35.78,30.93,40.00,24.14,33,15,16,74,12,40,31.38,37.79,39.01,33.64,39.17,36.77
117,中日スポーツ杯争奪第41回チャンピオン大会,4,2021-05-04,8,常滑,5,予選,1800,12:59,3286,4074,4837,4650,3891,3502,坂東満,柳沢一,酒井陽祐,中山雄太,谷口健一,渡邉英児,静岡,愛知,愛知,愛知,福井,静岡,B1,A1,B1,A2,B1,A1,52,40,32,36,45,51,53,52,50,53,55,53,4.76,6.86,4.08,6.09,3.99,6.20,29.17,43.36,22.22,42.97,15.79,39.02,5.09,7.16,5.20,6.43,2.26,5.31,30.43,59.52,33.33,48.86,0.00,44.83,5,3,25,7,40,13,36.28,34.95,35.40,26.74,32.00,33.33,13,34,44,26,38,31,37.14,38.14,33.85,37.07,33.67,30.48
118,中日スポーツ杯争奪第41回チャンピオン大会,4,2021-05-04,8,常滑,6,予選,1800,13:30,4921,3690,4960,3945,5110,3554,二宮博貴,河合三弘,黒野元基,橋口真樹,杉山喜一,仲口博崇,東京,愛知,愛知,愛知,静岡,愛知,B2,A2,A1,B1,B1,A1,29,50,24,45,21,48,54,53,52,50,52,54,3.32,5.55,6.14,4.05,2.39,6.80,12.00,38.28,41.49,15.38,1.11,54.37,2.92,6.42,5.91,4.94,2.59,7.58,16.67,48.24,43.04,25.61,3.45,70.59,41,18,42,34,21,22,47.71,46.73,41.23,23.30,33.33,30.28,64,23,42,59,52,36,28.64,42.60,35.52,30.05,36.08,34.21
119,中日スポーツ杯争奪第41回チャンピオン大会,4,2021-05-04,8,常滑,7,予選,1800,14:01,4492,3377,4565,3283,5002,3231,本多宏和,塚田修二,西村豪洋,窪田好弘,上田健太,吉田隆義,愛知,東京,愛知,福井,愛知,愛知,A1,B1,A2,B1,B1,B1,34,53,33,53,25,55,51,55,52,54,52,55,6.62,4.97,5.02,4.31,4.59,4.34,52.29,31.58,30.47,22.92,20.83,26.53,6.67,4.58,5.42,4.52,4.27,5.28,52.00,22.22,34.65,27.59,20.41,32.31,16,46,48,55,35,60,26.60,31.25,26.26,36.45,27.36,53.98,51,21,58,25,69,30,24.86,37.79,37.96,32.07,27.32,32.64
120,中日スポーツ杯争奪第41回チャンピオン大会,4,2021-05-04,8,常滑,8,予選,1800,14:32,4118,4139,4308,3921,3605,5169,宇佐見淳,丹下健,河村了,川村正輝,中村守成,堀本翔太,愛知,愛知,愛知,福井,三重,愛知,A1,B1,A1,A2,B1,B2,40,40,37,46,49,20,54,55,51,51,54,49,6.02,4.73,6.78,5.16,4.34,2.11,39.26,29.49,47.32,33.57,22.99,4.84,6.13,4.82,6.55,6.08,4.62,2.75,39.53,23.53,41.01,45.95,11.54,0.00,43,17,53,2,23,47,30.93,35.92,37.72,40.87,29.63,50.46,74,63,68,22,55,73,33.64,35.79,46.26,36.41,34.51,34.55
121,中日スポーツ杯争奪第41回チャンピオン大会,4,2021-05-04,8,常滑,9,予選,1800,15:03,4084,4161,3286,4231,5130,4062,杉山正樹,黒柳浩孝,坂東満,鈴木裕隆,上野拓馬,後藤陽介,愛知,愛知,静岡,愛知,三重,愛知,A1,A2,B1,B1,B2,A2,41,39,52,37,23,41,55,54,53,59,54,56,6.93,5.90,4.76,4.62,1.73,5.55,54.40,37.68,29.17,27.27,2.17,37.27,8.09,5.17,5.09,4.34,1.20,5.07,70.00,30.77,30.43,25.00,0.00,35.92,56,32,5,10,14,57,40.37,24.14,36.28,41.90,34.86,38.46,20,40,13,66,50,39,31.00,36.77,37.14,31.35,38.07,33.70
122,中日スポーツ杯争奪第41回チャンピオン大会,4,2021-05-04,8,常滑,10,予選,1800,15:36,4337,3502,3776,5120,3690,4863,平本真之,渡邉英児,横井健太,山本稔太,河合三弘,三浦裕貴,愛知,静岡,愛知,愛知,愛知,東京,A1,A1,B1,B1,A2,B1,36,51,45,20,50,32,54,53,53,54,53,54,7.15,6.20,4.75,4.22,5.55,4.96,46.81,39.02,24.30,18.75,38.28,29.79,8.09,5.31,4.62,3.59,6.42,4.24,65.79,44.83,24.21,11.76,48.24,14.29,28,13,26,39,18,9,29.52,33.33,36.26,32.26,46.73,33.66,15,31,71,47,23,60,37.79,30.48,30.89,32.41,42.60,30.32
123,中日スポーツ杯争奪第41回チャンピオン大会,4,2021-05-04,8,常滑,11,予選,1800,16:11,4074,5002,3554,4570,4215,4461,柳沢一,上田健太,仲口博崇,前田聖文,吉島祥之,安田吉宏,愛知,愛知,愛知,愛知,愛知,三重,A1,B1,A1,A2,B1,B1,40,25,48,33,36,35,52,52,54,54,53,57,6.86,4.59,6.80,5.85,5.11,4.05,43.36,20.83,54.37,39.84,27.88,22.95,7.16,4.27,7.58,5.89,5.73,3.86,59.52,20.41,70.59,40.00,35.87,21.43,3,35,22,51,12,58,34.95,27.36,30.28,38.14,31.82,40.00,11,69,36,56,75,12,30.23,27.32,34.21,38.74,31.14,39.17
124,中日スポーツ杯争奪第41回チャンピオン大会,4,2021-05-04,8,常滑,12,予選トコタン,1800,16:48,4308,4650,4492,3831,4983,4960,河村了,中山雄太,本多宏和,安藤裕貴,前田篤哉,黒野元基,愛知,愛知,愛知,愛知,愛知,愛知,A1,A2,A1,A2,A1,A1,37,36,34,46,24,24,51,53,51,53,51,52,6.78,6.09,6.62,4.93,6.16,6.14,47.32,42.97,52.29,34.38,42.86,41.49,6.55,6.43,6.67,5.10,5.83,5.91,41.01,48.86,52.00,34.48,42.63,43.04,53,7,16,19,59,42,37.72,26.74,26.60,31.68,36.45,41.23,68,26,51,37,53,42,46.26,37.07,24.86,31.47,43.13,35.52
125,浜松市長杯争奪戦やらまいかカップ,6,2021-05-04,6,浜名湖,1,一般,1800,11:24,4209,4740,3796,4216,4131,4073,藤田竜弘,齋藤達希,長野道臣,星栄爾,原豊土,大橋純一,静岡,静岡,静岡,静岡,静岡,静岡,B1,B1,B1,A1,A1,A2,38,29,47,36,40,40,59,53,53,52,54,53,5.34,4.55,5.22,5.83,6.08,6.43,34.59,27.27,29.82,39.07,41.67,50.34,6.07,4.72,5.02,5.88,6.53,6.31,44.44,23.40,27.72,40.34,51.06,44.17,40,26,21,33,5,39,15.38,8.33,42.86,0.00,30.00,53.85,21,72,28,76,73,52,36.36,44.06,34.56,42.66,47.45,35.77
126,浜松市長杯争奪戦やらまいかカップ,6,2021-05-04,6,浜名湖,2,一般,1800,11:50,3461,3995,4076,5079,4524,4360,渡邊哲也,重野哲之,杉田篤光,大石真央,深谷知博,庄司孝輔,静岡,静岡,静岡,静岡,静岡,静岡,B1,A1,A2,B1,A1,B1,54,42,42,23,33,36,55,54,53,46,52,52,4.91,6.72,5.94,3.77,6.46,5.54,31.11,50.00,40.50,18.18,34.86,36.36,4.50,6.45,6.09,2.76,8.22,5.26,22.58,46.02,39.37,9.09,73.43,32.10,1,13,35,11,23,25,35.71,14.29,64.29,0.00,38.46,42.86,57,61,69,65,75,56,31.21,27.03,35.42,43.07,32.85,38.30
127,浜松市長杯争奪戦やらまいかカップ,6,2021-05-04,6,浜名湖,3,一般,1800,12:16,3294,4793,3474,4124,4033,5076,野中義生,金子萌,松瀬弘美,池田雄一,伊藤将吉,石原光,静岡,静岡,静岡,静岡,静岡,静岡,B1,A2,B1,A2,A1,B1,55,30,50,39,42,25,54,51,48,52,53,50,4.43,5.66,4.76,5.88,6.18,2.94,22.09,40.00,27.93,47.47,43.54,8.00,4.93,5.45,5.60,5.83,6.91,2.83,25.55,34.21,39.76,41.90,58.11,7.69,37,56,45,22,19,20,42.86,57.14,30.77,28.57,0.00,57.14,62,49,36,24,55,53,47.86,33.81,32.35,33.33,36.36,33.57
128,浜松市長杯争奪戦やらまいかカップ,6,2021-05-04,6,浜名湖,4,ランチタイム,1800,12:44,4207,3981,3422,5080,3839,2014,松下一也,今坂晃広,服部幸男,鈴木慶太,川合理司,高塚清一,静岡,静岡,静岡,静岡,静岡,静岡,A1,B1,B1,B1,B1,B1,38,43,50,22,45,74,53,52,56,53,62,55,6.44,4.92,6.47,2.09,4.31,4.64,47.01,35.54,52.27,6.90,22.45,26.42,6.81,5.05,6.21,3.11,4.34,4.77,54.38,32.58,46.72,11.11,23.76,27.40,8,51,57,28,17,29,71.43,28.57,83.33,46.15,57.14,55.56,17,74,51,59,32,15,39.06,36.23,29.29,37.06,42.75,34.75
129,浜松市長杯争奪戦やらまいかカップ,6,2021-05-04,6,浜名湖,5,一般,1800,13:13,4417,3489,3960,3987,4150,3630,服部剛,大場敏,菊地孝平,後藤正宗,山田雄太,黒田誠司,静岡,静岡,静岡,静岡,静岡,静岡,B1,A1,A1,A2,B1,B1,34,54,42,43,39,51,53,52,56,53,56,54,5.12,7.02,7.00,5.74,6.18,4.01,26.61,50.44,50.93,41.67,50.00,17.05,4.45,7.21,7.47,5.22,6.36,4.32,17.48,54.80,62.50,34.55,44.88,24.46,15,30,43,6,65,10,33.33,0.00,0.00,0.00,42.86,14.29,68,47,70,48,18,64,37.12,21.97,32.04,33.81,41.18,35.34
130,浜松市長杯争奪戦やらまいかカップ,6,2021-05-04,6,浜名湖,6,一般,1800,13:44,4989,4933,3956,3909,4740,4058,石原翼,板橋侑我,横澤剛治,佐々木康,齋藤達希,野末智一,静岡,静岡,静岡,静岡,静岡,静岡,B1,A2,A1,A1,B1,A2,23,24,43,47,29,42,52,52,55,56,53,50,4.48,6.18,6.26,7.10,4.55,5.12,25.29,46.40,46.08,58.82,27.27,31.85,4.30,5.88,6.61,7.14,4.72,5.65,23.66,44.32,52.29,55.20,23.40,37.59,38,34,14,9,26,44,73.33,42.86,28.57,28.57,8.33,28.57,19,50,39,54,72,25,36.23,27.74,34.33,30.43,44.06,42.07
131,浜松市長杯争奪戦やらまいかカップ,6,2021-05-04,6,浜名湖,7,ブレイクタイ,1800,14:16,3563,4360,3294,3744,3796,4068,堤昇,庄司孝輔,野中義生,徳増秀樹,長野道臣,幸田智裕,静岡,静岡,静岡,静岡,静岡,静岡,A2,B1,B1,A1,B1,B1,51,36,55,46,47,40,52,52,54,53,53,53,6.29,5.54,4.43,6.69,5.22,5.54,46.43,36.36,22.09,42.65,29.82,32.12,6.03,5.26,4.93,7.48,5.02,5.34,42.38,32.10,25.55,64.12,27.72,31.97,41,25,37,27,21,7,53.33,42.86,42.86,28.57,42.86,42.86,27,56,62,16,28,58,42.55,38.30,47.86,34.03,34.56,32.58
132,浜松市長杯争奪戦やらまいかカップ,6,2021-05-04,6,浜名湖,8,一般,1800,14:48,4131,3474,3811,3959,3990,5080,原豊土,松瀬弘美,石田章央,坪井康晴,芹澤克彦,鈴木慶太,静岡,静岡,静岡,静岡,静岡,静岡,A1,B1,A2,A1,A2,B1,40,50,45,43,42,22,54,48,53,53,51,53,6.08,4.76,6.05,7.29,5.15,2.09,41.67,27.93,40.82,53.85,31.53,6.90,6.53,5.60,5.76,7.45,5.47,3.11,51.06,39.76,42.04,58.99,35.34,11.11,5,45,3,24,2,28,30.00,30.77,28.57,23.08,42.86,46.15,73,36,13,22,14,59,47.45,32.35,30.33,35.77,43.38,37.06
133,浜松市長杯争奪戦やらまいかカップ,6,2021-05-04,6,浜名湖,9,一般,1800,15:20,3839,4342,4124,4076,4417,4376,川合理司,谷野錬志,池田雄一,杉田篤光,服部剛,藤田靖弘,静岡,静岡,静岡,静岡,静岡,静岡,B1,A1,A2,A2,B1,A2,45,36,39,42,34,36,62,53,52,53,53,52,4.31,7.20,5.88,5.94,5.12,5.68,22.45,54.39,47.47,40.50,26.61,41.01,4.34,6.49,5.83,6.09,4.45,6.25,23.76,49.32,41.90,39.37,17.48,42.50,17,16,22,35,15,4,57.14,46.15,28.57,64.29,33.33,57.14,32,67,24,69,68,40,42.75,29.29,33.33,35.42,37.12,37.96
134,浜松市長杯争奪戦やらまいかカップ,6,2021-05-04,6,浜名湖,10,準優勝戦,1800,15:55,4033,4524,4150,3422,4209,3956,伊藤将吉,深谷知博,山田雄太,服部幸男,藤田竜弘,横澤剛治,静岡,静岡,静岡,静岡,静岡,静岡,A1,A1,B1,B1,B1,A1,42,33,39,50,38,43,53,52,56,56,59,55,6.18,6.46,6.18,6.47,5.34,6.26,43.54,34.86,50.00,52.27,34.59,46.08,6.91,8.22,6.36,6.21,6.07,6.61,58.11,73.43,44.88,46.72,44.44,52.29,19,23,65,57,40,14,0.00,38.46,42.86,83.33,15.38,28.57,55,75,18,51,21,39,36.36,32.85,41.18,29.29,36.36,34.33
135,浜松市長杯争奪戦やらまいかカップ,6,2021-05-04,6,浜名湖,11,準優勝戦,1800,16:30,2014,3909,4793,3563,3995,3960,高塚清一,佐々木康,金子萌,堤昇,重野哲之,菊地孝平,静岡,静岡,静岡,静岡,静岡,静岡,B1,A1,A2,A2,A1,A1,74,47,30,51,42,42,55,56,51,52,54,56,4.64,7.10,5.66,6.29,6.72,7.00,26.42,58.82,40.00,46.43,50.00,50.93,4.77,7.14,5.45,6.03,6.45,7.47,27.40,55.20,34.21,42.38,46.02,62.50,29,9,56,41,13,43,55.56,28.57,57.14,53.33,14.29,0.00,15,54,49,27,61,70,34.75,30.43,33.81,42.55,27.03,32.04
136,浜松市長杯争奪戦やらまいかカップ,6,2021-05-04,6,浜名湖,12,準優勝戦,1800,17:05,3959,4216,3744,3489,4207,4933,坪井康晴,星栄爾,徳増秀樹,大場敏,松下一也,板橋侑我,静岡,静岡,静岡,静岡,静岡,静岡,A1,A1,A1,A1,A1,A2,43,36,46,54,38,24,53,52,53,52,53,52,7.29,5.83,6.69,7.02,6.44,6.18,53.85,39.07,42.65,50.44,47.01,46.40,7.45,5.88,7.48,7.21,6.81,5.88,58.99,40.34,64.12,54.80,54.38,44.32,24,33,27,30,8,34,23.08,0.00,28.57,0.00,71.43,42.86,22,76,16,47,17,50,35.77,42.66,34.03,21.97,39.06,27.74
137,第44回京急電鉄社長杯,2,2021-05-04,4,平和島,1,予選,1800,12:09,3419,5007,3256,3565,4077,5186,栗原謙治,近藤雄一,三角哲男,坂本徳克,品田直樹,遠藤圭吾,群馬,東京,東京,東京,東京,東京,B1,B1,A1,B1,B1,B2,51,24,54,51,42,21,56,54,51,57,52,52,3.95,3.62,5.59,4.17,4.74,0.00,21.18,10.81,37.21,15.79,27.00,0.00,4.07,2.43,6.72,4.08,4.48,0.00,14.81,0.00,55.91,18.06,23.53,0.00,65,31,72,57,40,47,38.98,29.63,31.67,28.73,35.84,31.21,45,64,27,28,18,31,32.10,32.16,31.55,32.34,32.73,34.02
138,第44回京急電鉄社長杯,2,2021-05-04,4,平和島,2,予選,1800,12:35,4036,3877,3790,3227,4031,5153,金田諭,松浦博人,佐口達也,長岡茂一,飯島誠,佐藤ほの,埼玉,東京,群馬,東京,埼玉,東京,A1,B1,B1,B2,B1,B2,42,44,48,55,42,25,52,57,54,55,52,47,6.86,4.78,5.46,4.23,3.71,1.16,57.45,32.95,35.71,20.00,17.07,0.00,6.42,4.72,5.35,6.00,2.37,1.11,48.44,25.64,29.41,42.22,5.26,0.00,55,23,18,70,53,44,30.41,36.31,30.64,36.36,35.84,30.48,39,47,69,50,63,25,27.39,26.67,31.01,28.26,33.53,31.82
139,第44回京急電鉄社長杯,2,2021-05-04,4,平和島,3,予選,1800,13:02,4078,4836,3681,3277,4113,3911,渡辺史之,大谷健太,山谷央,齋藤勇,木村浩士,鈴木猛,群馬,埼玉,東京,東京,群馬,東京,B1,B1,A1,B1,A2,A2,42,32,47,54,40,47,50,52,52,52,54,53,4.54,5.72,5.93,3.87,5.57,5.66,23.76,41.54,38.37,17.39,36.11,38.64,3.92,5.53,6.40,4.48,5.36,4.82,15.38,35.29,46.24,27.87,28.30,32.35,10,60,20,61,37,69,37.21,38.73,29.78,34.46,36.36,29.38,12,43,73,46,76,40,29.11,29.38,33.33,26.74,28.67,25.93
140,第44回京急電鉄社長杯,2,2021-05-04,4,平和島,4,予選,1800,13:30,4152,3863,3826,4093,4995,5051,深水慎一,海老澤泰,村田修次,吉田宗弘,田邉亮蔵,松本純平,東京,東京,東京,東京,東京,埼玉,B1,B1,A1,A2,B1,B1,40,47,47,40,30,26,54,58,52,51,55,54,5.25,4.46,6.88,4.87,4.31,4.95,30.59,25.00,42.86,31.48,25.81,30.63,6.23,5.85,6.58,6.29,2.79,1.67,44.19,45.76,45.31,50.00,10.39,0.00,19,73,39,32,14,33,44.00,29.38,43.35,29.61,41.44,39.43,34,38,65,61,66,41,32.58,30.99,28.57,29.41,30.22,35.09
141,第44回京急電鉄社長杯,2,2021-05-04,4,平和島,5,予選,1800,13:59,2538,4286,4110,4815,5186,3590,高橋二朗,平田さや,小澤和也,伏島祐介,遠藤圭吾,濱野谷憲,東京,東京,埼玉,東京,東京,東京,B1,A2,B1,B1,B2,A1,72,36,40,30,21,47,52,47,57,53,52,55,4.34,5.58,4.97,4.10,0.00,7.45,17.24,37.23,31.53,22.06,0.00,56.41,4.91,5.21,3.58,4.47,0.00,7.09,24.74,32.35,10.53,25.00,0.00,54.43,17,34,16,29,47,24,37.43,39.66,37.57,27.57,31.21,39.33,57,60,58,70,31,30,33.91,33.68,26.49,24.38,34.02,30.98
142,第44回京急電鉄社長杯,2,2021-05-04,4,平和島,6,予選,1800,14:29,4031,3696,3716,4608,5007,4103,飯島誠,白井友晴,石渡鉄兵,荒井翔伍,近藤雄一,山崎善庸,埼玉,埼玉,東京,東京,東京,埼玉,B1,A2,A1,A2,B1,B1,42,49,46,31,24,41,52,52,54,54,54,53,3.71,5.54,7.22,5.64,3.62,5.01,17.07,34.38,50.91,37.84,10.81,31.25,2.37,5.77,7.00,6.46,2.43,3.80,5.26,39.29,56.36,46.15,0.00,17.39,53,30,56,75,31,74,35.84,35.43,41.90,27.59,29.63,33.14,63,54,80,24,64,55,33.53,29.41,31.29,33.33,32.16,29.71
143,第44回京急電鉄社長杯,2,2021-05-04,4,平和島,7,予選,1800,15:00,3277,3790,4077,3656,4175,3641,齋藤勇,佐口達也,品田直樹,伯母芳恒,川尻泰輔,一瀬明,東京,群馬,東京,東京,埼玉,東京,B1,B1,B1,A2,A2,A1,54,48,42,47,38,49,52,54,52,55,54,51,3.87,5.46,4.74,5.07,5.86,6.19,17.39,35.71,27.00,34.83,38.89,43.22,4.48,5.35,4.48,6.12,6.34,6.77,27.87,29.41,23.53,46.15,46.34,52.38,61,18,40,52,27,49,34.46,30.64,35.84,35.96,43.10,35.88,46,69,18,23,52,33,26.74,31.01,32.73,32.02,28.49,28.48
144,第44回京急電鉄社長杯,2,2021-05-04,4,平和島,8,予選,1800,15:31,3655,4093,4036,4836,3419,4702,本橋克洋,吉田宗弘,金田諭,大谷健太,栗原謙治,三浦敬太,群馬,東京,埼玉,埼玉,群馬,東京,A2,A2,A1,B1,B1,B1,47,40,42,32,51,33,54,51,52,52,56,51,5.83,4.87,6.86,5.72,3.95,6.33,40.17,31.48,57.45,41.54,21.18,50.00,5.55,6.29,6.42,5.53,4.07,6.11,36.36,50.00,48.44,35.29,14.81,47.50,36,32,55,60,65,51,37.79,29.61,30.41,38.73,38.98,37.50,15,61,39,43,45,35,29.51,29.41,27.39,29.38,32.10,34.29
145,第44回京急電鉄社長杯,2,2021-05-04,4,平和島,9,予選,1800,16:02,3517,5023,2538,3911,3827,3826,高橋勲,久永祥平,高橋二朗,鈴木猛,今泉徹,村田修次,東京,東京,東京,東京,群馬,東京,A2,B1,B1,A2,B1,A1,53,26,72,47,47,47,56,51,52,53,52,52,6.27,4.63,4.34,5.66,4.58,6.88,45.54,21.65,17.24,38.64,19.74,42.86,6.04,3.25,4.91,4.82,4.97,6.58,42.11,12.00,24.74,32.35,34.21,45.31,66,79,17,69,68,39,31.61,37.71,37.43,29.38,31.29,43.35,16,68,57,40,49,65,28.74,31.52,33.91,25.93,28.08,28.57
146,第44回京急電鉄社長杯,2,2021-05-04,4,平和島,10,予選特別,1800,16:33,3613,4113,4608,4110,3888,3863,角谷健吾,木村浩士,荒井翔伍,小澤和也,山本英志,海老澤泰,東京,群馬,東京,埼玉,東京,東京,A1,A2,A2,B1,A1,B1,48,40,31,40,46,47,52,54,54,57,51,58,6.95,5.57,5.64,4.97,6.06,4.46,52.38,36.11,37.84,31.53,45.31,25.00,6.81,5.36,6.46,3.58,7.09,5.85,53.21,28.30,46.15,10.53,58.11,45.76,59,37,75,16,67,73,38.37,36.36,27.59,37.57,40.00,29.38,26,29,24,58,77,38,28.87,35.14,33.33,26.49,32.14,30.99
147,第44回京急電鉄社長杯,2,2021-05-04,4,平和島,11,予選特別,1800,17:04,3256,4078,3590,3696,3656,4895,三角哲男,渡辺史之,濱野谷憲,白井友晴,伯母芳恒,門間雄大,東京,群馬,東京,埼玉,東京,東京,A1,B1,A1,A2,A2,B1,54,42,47,49,47,29,51,50,55,52,55,54,5.59,4.54,7.45,5.54,5.07,4.17,37.21,23.76,56.41,34.38,34.83,20.83,6.72,3.92,7.09,5.77,6.12,4.67,55.91,15.38,54.43,39.29,46.15,23.66,72,10,24,30,52,54,31.67,37.21,39.33,35.43,35.96,41.67,27,12,30,54,23,10,31.55,29.11,30.98,29.41,32.02,27.96
148,第44回京急電鉄社長杯,2,2021-05-04,4,平和島,12,記者選抜,1800,17:35,3716,4175,3227,4152,3655,3681,石渡鉄兵,川尻泰輔,長岡茂一,深水慎一,本橋克洋,山谷央,東京,埼玉,東京,東京,群馬,東京,A1,A2,B2,B1,A2,A1,46,38,55,40,47,47,54,54,55,54,54,52,7.22,5.86,4.23,5.25,5.83,5.93,50.91,38.89,20.00,30.59,40.17,38.37,7.00,6.34,6.00,6.23,5.55,6.40,56.36,46.34,42.22,44.19,36.36,46.24,56,27,70,19,36,20,41.90,43.10,36.36,44.00,37.79,29.78,80,52,50,34,15,73,31.29,28.49,28.26,32.58,29.51,33.33
149,第32回ウインビーカップ,4,2021-05-04,2,戸田,1,予選,1800,10:53,4432,3406,5065,3353,4186,5191,黄金井力,中里英夫,伊久間陽,前田光昭,小川時光,飛田江己,埼玉,群馬,群馬,埼玉,埼玉,埼玉,B1,B1,B1,B1,B1,B2,35,52,22,52,40,19,56,52,52,53,57,52,5.37,5.87,2.72,3.24,4.47,0.00,29.41,36.89,9.46,8.00,25.49,0.00,4.98,6.18,1.92,5.25,4.47,0.00,28.16,42.22,2.00,32.94,26.52,0.00,57,7,42,6,4,62,48.58,34.39,36.31,32.82,28.33,39.11,62,19,20,16,24,68,37.42,37.14,32.14,32.20,29.82,31.98
150,第32回ウインビーカップ,4,2021-05-04,2,戸田,2,予選,1800,11:19,3546,4037,4109,3066,5112,5147,中里昌志,別府正幸,谷津幸宏,田中定雄,砂長知輝,田中勇輔,埼玉,埼玉,埼玉,埼玉,埼玉,埼玉,B1,A2,A2,B1,B1,B2,52,42,41,61,21,27,50,54,54,55,55,52,5.28,5.12,6.13,3.79,4.63,1.55,32.98,31.30,50.91,11.48,23.64,1.82,5.42,5.42,5.89,4.16,2.97,1.53,33.87,40.00,41.94,20.88,8.11,0.00,49,37,47,27,19,30,31.98,32.12,29.38,41.36,34.66,34.08,73,29,33,67,35,54,37.50,30.34,30.06,30.90,40.74,36.52
151,第32回ウインビーカップ,4,2021-05-04,2,戸田,3,予選,1800,11:46,3594,3679,4573,3629,3251,3807,塚原武之,飯島昌弘,佐藤翼,浅見昌克,平石和男,岡部哲,埼玉,埼玉,埼玉,埼玉,埼玉,埼玉,B1,A1,A1,A2,A2,B1,52,48,32,51,54,46,56,52,54,52,51,52,4.02,6.50,6.80,5.96,5.99,5.02,16.67,46.73,51.32,40.71,37.19,28.57,4.78,6.29,7.17,5.78,5.89,5.55,26.58,40.34,55.40,39.66,34.69,36.46,44,51,36,25,54,17,35.94,35.48,31.46,35.98,32.56,29.79,42,23,14,51,53,32,34.46,40.00,36.02,30.18,33.13,35.12
152,第32回ウインビーカップ,4,2021-05-04,2,戸田,4,予選,1800,12:14,4488,3319,4953,4090,4230,3860,小山勉,山崎義明,尾上雅也,中村尊,濱崎直矢,松本浩貴,埼玉,埼玉,埼玉,埼玉,埼玉,埼玉,A1,A1,B1,A2,A1,B1,34,54,26,40,37,47,52,53,54,54,54,52,6.71,5.88,4.99,6.30,6.40,4.94,45.54,37.10,33.33,45.16,44.86,31.37,6.03,6.33,4.94,6.19,6.56,5.56,43.40,42.75,31.82,44.76,50.98,34.23,23,28,16,13,40,58,30.15,37.50,33.17,30.36,37.29,36.17,55,60,59,65,77,25,31.93,39.62,40.48,32.95,32.35,42.86
153,第32回ウインビーカップ,4,2021-05-04,2,戸田,5,ウインウイン,1800,12:44,3589,5066,3647,3952,4201,4973,西村勝,鈴木孝明,伊藤雄二,中澤和志,佐竹友樹,栗原直也,埼玉,埼玉,埼玉,埼玉,埼玉,埼玉,A2,B1,B1,A1,B1,B1,47,22,48,44,38,28,55,53,50,54,53,51,5.03,4.36,4.36,6.89,5.24,4.55,31.17,23.30,17.39,53.91,31.65,24.10,6.29,3.94,4.46,7.40,5.50,3.75,46.07,18.84,23.46,57.56,39.60,9.62,8,65,53,31,9,5,33.85,40.22,36.56,37.62,42.16,40.63,44,21,38,70,43,57,34.32,39.76,30.34,30.41,34.50,41.07
154,第32回ウインビーカップ,4,2021-05-04,2,戸田,6,予選,1800,13:14,3406,4428,3983,4109,4809,4191,中里英夫,有賀達也,須藤博倫,谷津幸宏,外崎悟,赤羽克也,群馬,埼玉,埼玉,埼玉,埼玉,埼玉,B1,A1,A1,A2,B1,A2,52,35,43,41,32,39,52,52,52,54,52,55,5.87,6.66,6.60,6.13,5.02,5.48,36.89,48.00,45.45,50.91,31.25,34.82,6.18,6.43,6.77,5.89,4.97,5.19,42.22,46.99,51.03,41.94,32.05,27.93,7,3,63,47,18,21,34.39,34.22,38.55,29.38,32.93,30.32,19,27,76,33,30,48,37.14,34.12,30.56,30.06,35.43,44.44
155,第32回ウインビーカップ,4,2021-05-04,2,戸田,7,ウインウイン,1800,13:45,4144,4432,3583,3596,3482,5167,石塚久也,黄金井力,齋藤智裕,河上年昭,金子猛志,小川竜太,埼玉,埼玉,埼玉,埼玉,群馬,埼玉,A1,B1,B1,B1,B1,B2,39,35,48,51,50,20,52,56,58,53,63,54,6.93,5.37,3.88,4.54,4.70,1.97,50.55,29.41,20.93,25.56,27.08,3.03,5.16,4.98,4.81,4.05,5.20,2.72,28.57,28.16,26.36,12.82,38.78,6.90,46,57,38,24,52,1,30.25,48.58,29.33,32.47,32.43,37.57,72,62,52,22,69,50,35.80,37.42,33.14,34.48,36.69,36.21
156,第32回ウインビーカップ,4,2021-05-04,2,戸田,8,予選,1800,14:16,3075,4444,4488,4258,4505,3629,中村裕将,桐生順平,小山勉,関根彰人,島田賢人,浅見昌克,埼玉,埼玉,埼玉,埼玉,埼玉,埼玉,B1,A1,A1,B1,A2,A2,58,34,34,37,33,51,52,53,52,52,56,52,5.52,8.06,6.71,3.51,6.47,5.96,41.53,60.75,45.54,10.77,45.59,40.71,5.43,8.03,6.03,4.94,6.83,5.78,38.10,64.15,43.40,26.19,51.35,39.66,22,11,23,15,32,25,41.43,30.85,30.15,35.45,39.13,35.98,34,15,55,74,75,51,41.04,37.65,31.93,34.36,33.91,30.18
157,第32回ウインビーカップ,4,2021-05-04,2,戸田,9,予選,1800,14:48,3952,3860,3679,4037,4203,4547,中澤和志,松本浩貴,飯島昌弘,別府正幸,小倉康典,中田竜太,埼玉,埼玉,埼玉,埼玉,群馬,埼玉,A1,B1,A1,A2,B1,A1,44,47,48,42,38,33,54,52,52,54,53,50,6.89,4.94,6.50,5.12,4.76,7.46,53.91,31.37,46.73,31.30,34.72,65.66,7.40,5.56,6.29,5.42,3.81,7.16,57.56,34.23,40.34,40.00,15.38,57.89,31,58,51,37,60,43,37.62,36.17,35.48,32.12,29.61,38.38,70,25,23,29,31,46,30.41,42.86,40.00,30.34,37.14,37.28
158,第32回ウインビーカップ,4,2021-05-04,2,戸田,10,予選特別,1800,15:21,4573,4191,3319,3065,3647,4233,佐藤翼,赤羽克也,山崎義明,増田弘喜,伊藤雄二,亀山雅幸,埼玉,埼玉,埼玉,埼玉,埼玉,群馬,A1,A2,A1,B1,B1,A2,32,39,54,61,48,37,54,55,53,56,50,52,6.80,5.48,5.88,4.34,4.36,5.80,51.32,34.82,37.10,16.50,17.39,43.81,7.17,5.19,6.33,4.95,4.46,5.77,55.40,27.93,42.75,28.69,23.46,45.28,36,21,28,48,53,20,31.46,30.32,37.50,40.48,36.56,31.02,14,48,60,26,38,63,36.02,44.44,39.62,32.95,30.34,31.95
159,第32回ウインビーカップ,4,2021-05-04,2,戸田,11,予選特別,1800,15:55,3983,4090,4144,3807,3381,5066,須藤博倫,中村尊,石塚久也,岡部哲,滝沢芳行,鈴木孝明,埼玉,埼玉,埼玉,埼玉,埼玉,埼玉,A1,A2,A1,B1,A2,B1,43,40,39,46,52,22,52,54,52,52,52,53,6.60,6.30,6.93,5.02,5.15,4.36,45.45,45.16,50.55,28.57,35.11,23.30,6.77,6.19,5.16,5.55,5.85,3.94,51.03,44.76,28.57,36.46,43.14,18.84,63,13,46,17,39,65,38.55,30.36,30.25,29.79,41.09,40.22,76,65,72,32,66,21,30.56,32.95,35.80,35.12,36.00,39.76
160,第32回ウインビーカップ,4,2021-05-04,2,戸田,12,記者選抜戦,1800,16:30,4444,4230,3594,3589,4428,3596,桐生順平,濱崎直矢,塚原武之,西村勝,有賀達也,河上年昭,埼玉,埼玉,埼玉,埼玉,埼玉,埼玉,A1,A1,B1,A2,A1,B1,34,37,52,47,35,51,53,54,56,55,52,53,8.06,6.40,4.02,5.03,6.66,4.54,60.75,44.86,16.67,31.17,48.00,25.56,8.03,6.56,4.78,6.29,6.43,4.05,64.15,50.98,26.58,46.07,46.99,12.82,11,40,44,8,3,24,30.85,37.29,35.94,33.85,34.22,32.47,15,77,42,44,27,22,37.65,32.35,34.46,34.32,34.12,34.48
161,第48回上毛新聞社杯,5,2021-05-04,1,桐生,1,一般,1800,15:22,3310,4887,5006,5090,3235,4862,金澤一洋,富澤祐作,久保原秀,生方靖亜,鈴木唯由,武藤直志,群馬,群馬,群馬,群馬,群馬,群馬,B1,B1,B1,B1,B1,B2,57,34,24,20,59,32,51,56,55,52,50,59,3.53,3.41,3.97,3.56,3.84,3.03,10.99,14.75,26.15,11.86,16.33,9.84,3.41,5.11,3.16,2.73,4.10,3.02,10.23,32.80,16.05,6.06,17.24,11.90,68,57,25,51,53,41,42.42,35.48,21.92,40.28,43.33,42.86,24,50,71,41,55,56,37.63,53.85,34.07,32.88,26.60,35.90
162,第48回上毛新聞社杯,5,2021-05-04,1,桐生,2,一般,1800,15:49,2841,3652,3850,3664,5150,4281,吉田稔,森下勇,小川知行,鈴木賢一,坂本雄紀,大澤大夢,群馬,群馬,群馬,埼玉,群馬,埼玉,B1,B1,B1,A2,B2,B1,64,47,48,51,26,37,55,56,52,59,51,54,4.49,4.11,4.64,4.98,1.61,5.24,20.45,19.05,24.79,38.05,1.52,31.03,5.18,4.09,4.74,5.54,1.54,5.52,31.76,16.04,29.41,43.59,0.00,31.25,61,30,55,22,45,39,40.28,33.78,33.33,40.00,41.51,29.76,62,43,36,72,61,67,31.11,30.43,26.19,32.56,28.09,31.18
163,第48回上毛新聞社杯,5,2021-05-04,1,桐生,3,一般,1800,16:16,3889,3653,4637,5103,3973,4888,須藤隆雄,品川賢次,中田友也,芝田京介,崎利仁,金児隆太,群馬,群馬,埼玉,埼玉,群馬,群馬,B1,B1,B1,B1,B1,B1,46,47,31,23,44,33,51,55,56,52,53,52,4.75,5.14,4.98,1.71,4.51,5.46,28.04,26.09,29.57,1.45,23.19,41.04,5.05,4.77,5.73,1.39,4.52,5.41,29.69,27.87,37.50,0.00,19.47,37.50,69,67,23,62,27,50,30.86,34.48,39.34,44.59,29.17,35.44,12,68,53,45,18,42,46.24,38.75,27.17,31.82,33.71,28.57
164,第48回上毛新聞社杯,5,2021-05-04,1,桐生,4,一般,1800,16:43,3448,3947,3445,4177,4766,5087,高山秀雄,寺本昇平,加藤高史,萬正嗣,石井孝之,佐藤航,群馬,群馬,埼玉,群馬,群馬,埼玉,B1,B1,A2,B1,B1,B1,51,45,51,38,30,21,54,49,54,54,54,53,5.26,4.94,5.75,5.09,4.83,4.66,31.40,26.13,36.76,34.74,30.56,32.48,4.88,5.14,6.28,5.46,4.46,3.61,27.97,27.01,53.85,34.95,24.62,25.81,37,18,56,64,74,75,48.75,33.80,31.25,39.51,33.78,38.16,57,44,14,27,35,70,35.63,31.03,40.00,47.06,23.16,27.91
165,第48回上毛新聞社杯,5,2021-05-04,1,桐生,5,一般,1800,17:10,3619,3441,4281,5100,5006,4887,長谷川充,土屋太朗,大澤大夢,栗原一馬,久保原秀,富澤祐作,群馬,群馬,埼玉,群馬,群馬,群馬,B1,B1,B1,B2,B1,B1,47,51,37,24,24,34,52,55,54,55,55,56,5.39,4.89,5.24,1.75,3.97,3.41,33.04,30.43,31.03,2.38,26.15,14.75,5.52,5.48,5.52,1.33,3.16,5.11,40.26,36.54,31.25,0.00,16.05,32.80,71,28,39,48,25,57,31.94,36.00,29.76,40.30,21.92,35.48,69,51,67,16,71,50,32.50,38.03,31.18,31.91,34.07,53.85
166,第48回上毛新聞社杯,5,2021-05-04,1,桐生,6,一般,1800,17:40,4539,4888,4862,3850,3310,5150,金子賢志,金児隆太,武藤直志,小川知行,金澤一洋,坂本雄紀,群馬,群馬,群馬,群馬,群馬,群馬,A2,B1,B2,B1,B1,B2,30,33,32,48,57,26,52,52,59,52,51,51,5.70,5.46,3.03,4.64,3.53,1.61,39.72,41.04,9.84,24.79,10.99,1.52,6.29,5.41,3.02,4.74,3.41,1.54,49.14,37.50,11.90,29.41,10.23,0.00,52,50,41,55,68,45,25.40,35.44,42.86,33.33,42.42,41.51,66,42,56,36,24,61,41.76,28.57,35.90,26.19,37.63,28.09
167,第48回上毛新聞社杯,5,2021-05-04,1,桐生,7,一般,1800,18:09,3664,4766,3414,3653,4637,5090,鈴木賢一,石井孝之,加瀬智宏,品川賢次,中田友也,生方靖亜,埼玉,群馬,群馬,群馬,埼玉,群馬,A2,B1,A2,B1,B1,B1,51,30,51,47,31,20,59,54,54,55,56,52,4.98,4.83,5.74,5.14,4.98,3.56,38.05,30.56,40.58,26.09,29.57,11.86,5.54,4.46,5.61,4.77,5.73,2.73,43.59,24.62,36.96,27.87,37.50,6.06,22,74,33,67,23,51,40.00,33.78,31.58,34.48,39.34,40.28,72,35,13,68,53,41,32.56,23.16,32.18,38.75,27.17,32.88
168,第48回上毛新聞社杯,5,2021-05-04,1,桐生,8,一般,1800,18:39,3445,3235,3973,5087,3652,5103,加藤高史,鈴木唯由,崎利仁,佐藤航,森下勇,芝田京介,埼玉,群馬,群馬,埼玉,群馬,埼玉,A2,B1,B1,B1,B1,B1,51,59,44,21,47,23,54,50,53,53,56,52,5.75,3.84,4.51,4.66,4.11,1.71,36.76,16.33,23.19,32.48,19.05,1.45,6.28,4.10,4.52,3.61,4.09,1.39,53.85,17.24,19.47,25.81,16.04,0.00,56,53,27,75,30,62,31.25,43.33,29.17,38.16,33.78,44.59,28,55,18,70,43,45,24.73,26.60,33.71,27.91,30.43,31.82
169,第48回上毛新聞社杯,5,2021-05-04,1,桐生,9,準優勝戦,1800,19:11,3622,3740,4091,4486,3880,4550,山崎智也,大澤普司,荒田泰明,野村誠,浅見宗孝,石岡将太,群馬,群馬,埼玉,群馬,埼玉,群馬,A1,A2,B1,A2,A2,B1,47,46,40,34,48,32,54,54,53,51,56,57,6.61,6.94,4.92,5.77,4.91,4.95,48.72,53.28,32.95,44.14,27.01,30.36,7.07,6.61,4.97,5.70,5.06,5.35,53.91,50.35,31.58,41.44,25.53,33.33,46,35,47,24,49,16,35.56,56.25,39.53,39.66,28.79,35.29,48,34,32,23,63,19,43.62,42.22,32.97,46.81,29.17,42.39
170,第48回上毛新聞社杯,5,2021-05-04,1,桐生,10,準優勝戦,1800,19:43,3686,3159,4851,4305,4532,3497,鳥居塚孝,江口晃生,関浩哉,金子拓矢,秋元哲,後藤浩,群馬,群馬,群馬,群馬,埼玉,埼玉,A2,A1,A1,A1,A1,A2,46,56,26,37,32,52,52,53,48,52,49,50,6.01,7.40,6.24,7.16,5.56,5.60,44.19,59.66,47.37,55.24,35.29,41.80,6.81,7.87,6.77,6.82,6.35,6.07,56.52,70.69,52.23,48.82,55.88,41.67,29,60,43,20,13,73,27.94,27.94,30.43,40.30,25.00,32.84,20,26,33,52,17,22,31.58,44.79,34.48,27.71,39.33,35.63
171,第48回上毛新聞社杯,5,2021-05-04,1,桐生,11,準優勝戦,1800,20:15,4238,3475,4787,3772,3532,4407,毒島誠,橋本久和,椎名豊,一柳和孝,柴田光,鹿島敏弘,群馬,群馬,群馬,埼玉,群馬,群馬,A1,A1,A1,A2,A2,B1,37,50,32,47,49,35,53,52,51,53,54,56,8.00,5.82,6.82,5.78,6.87,4.40,57.58,37.61,54.92,39.20,51.75,19.83,8.50,6.21,6.62,5.61,6.39,5.15,72.38,50.00,55.34,41.07,46.32,31.00,11,17,15,32,34,59,43.90,38.98,38.03,41.10,43.55,30.14,46,65,73,39,60,29,39.13,42.39,26.97,32.18,43.82,43.02
172,第48回上毛新聞社杯,5,2021-05-04,1,桐生,12,一般特選,1800,20:45,3414,3448,3619,3889,4539,5100,加瀬智宏,高山秀雄,長谷川充,須藤隆雄,金子賢志,栗原一馬,群馬,群馬,群馬,群馬,群馬,群馬,A2,B1,B1,B1,A2,B2,51,51,47,46,30,24,54,54,52,51,52,55,5.74,5.26,5.39,4.75,5.70,1.75,40.58,31.40,33.04,28.04,39.72,2.38,5.61,4.88,5.52,5.05,6.29,1.33,36.96,27.97,40.26,29.69,49.14,0.00,33,37,71,69,52,48,31.58,48.75,31.94,30.86,25.40,40.30,13,15,69,12,66,16,32.18,28.09,32.50,46.24,41.76,31.91
